population size,number iterations,elitism fraction,crossover probability,mutation probability,inner mutation probability,score,weight
10,10,0.05,0,0,0.1,137.0,157.0
10,10,0.05,0,0.1,0.1,147.0,161.0
10,10,0.05,0,0.4,0.1,269.0,243.0
10,10,0.05,0,0.7,0.1,125.0,257.0
10,10,0.05,0,1,0.1,50.0,72.0
10,10,0.05,0.1,0,0.1,187.0,94.0
10,10,0.05,0.1,0.1,0.1,232.0,238.0
10,10,0.05,0.1,0.4,0.1,151.0,159.0
10,10,0.05,0.1,0.7,0.1,249.0,263.0
10,10,0.05,0.1,1,0.1,279.0,247.0
10,10,0.05,0.4,0,0.1,137.0,94.0
10,10,0.05,0.4,0.1,0.1,203.0,203.0
10,10,0.05,0.4,0.4,0.1,241.0,242.0
10,10,0.05,0.4,0.7,0.1,255.0,172.0
10,10,0.05,0.4,1,0.1,217.0,230.0
10,10,0.05,0.7,0,0.1,187.0,157.0
10,10,0.05,0.7,0.1,0.1,274.0,266.0
10,10,0.05,0.7,0.4,0.1,283.0,245.0
10,10,0.05,0.7,0.7,0.1,242.0,233.0
10,10,0.05,0.7,1,0.1,274.0,266.0
10,10,0.05,1,0,0.1,187.0,220.0
10,10,0.05,1,0.1,0.1,250.0,263.0
10,10,0.05,1,0.4,0.1,249.0,263.0
10,10,0.05,1,0.7,0.1,249.0,263.0
10,10,0.05,1,1,0.1,250.0,263.0
10,10,0.1,0,0,0.1,137.0,157.0
10,10,0.1,0,0.1,0.1,147.0,161.0
10,10,0.1,0,0.4,0.1,269.0,243.0
10,10,0.1,0,0.7,0.1,125.0,257.0
10,10,0.1,0,1,0.1,50.0,72.0
10,10,0.1,0.1,0,0.1,187.0,94.0
10,10,0.1,0.1,0.1,0.1,232.0,238.0
10,10,0.1,0.1,0.4,0.1,151.0,159.0
10,10,0.1,0.1,0.7,0.1,249.0,263.0
10,10,0.1,0.1,1,0.1,279.0,247.0
10,10,0.1,0.4,0,0.1,137.0,94.0
10,10,0.1,0.4,0.1,0.1,203.0,203.0
10,10,0.1,0.4,0.4,0.1,241.0,242.0
10,10,0.1,0.4,0.7,0.1,255.0,172.0
10,10,0.1,0.4,1,0.1,217.0,230.0
10,10,0.1,0.7,0,0.1,187.0,157.0
10,10,0.1,0.7,0.1,0.1,274.0,266.0
10,10,0.1,0.7,0.4,0.1,283.0,245.0
10,10,0.1,0.7,0.7,0.1,242.0,233.0
10,10,0.1,0.7,1,0.1,274.0,266.0
10,10,0.1,1,0,0.1,187.0,220.0
10,10,0.1,1,0.1,0.1,250.0,263.0
10,10,0.1,1,0.4,0.1,249.0,263.0
10,10,0.1,1,0.7,0.1,249.0,263.0
10,10,0.1,1,1,0.1,250.0,263.0
10,10,0.15,0,0,0.1,137.0,157.0
10,10,0.15,0,0.1,0.1,147.0,161.0
10,10,0.15,0,0.4,0.1,269.0,243.0
10,10,0.15,0,0.7,0.1,125.0,257.0
10,10,0.15,0,1,0.1,50.0,72.0
10,10,0.15,0.1,0,0.1,187.0,94.0
10,10,0.15,0.1,0.1,0.1,232.0,238.0
10,10,0.15,0.1,0.4,0.1,151.0,159.0
10,10,0.15,0.1,0.7,0.1,249.0,263.0
10,10,0.15,0.1,1,0.1,279.0,247.0
10,10,0.15,0.4,0,0.1,137.0,94.0
10,10,0.15,0.4,0.1,0.1,203.0,203.0
10,10,0.15,0.4,0.4,0.1,241.0,242.0
10,10,0.15,0.4,0.7,0.1,255.0,172.0
10,10,0.15,0.4,1,0.1,217.0,230.0
10,10,0.15,0.7,0,0.1,187.0,157.0
10,10,0.15,0.7,0.1,0.1,274.0,266.0
10,10,0.15,0.7,0.4,0.1,283.0,245.0
10,10,0.15,0.7,0.7,0.1,242.0,233.0
10,10,0.15,0.7,1,0.1,274.0,266.0
10,10,0.15,1,0,0.1,187.0,220.0
10,10,0.15,1,0.1,0.1,250.0,263.0
10,10,0.15,1,0.4,0.1,249.0,263.0
10,10,0.15,1,0.7,0.1,249.0,263.0
10,10,0.15,1,1,0.1,250.0,263.0
10,10,0.2,0,0,0.1,137.0,157.0
10,10,0.2,0,0.1,0.1,193.0,233.0
10,10,0.2,0,0.4,0.1,294.0,260.0
10,10,0.2,0,0.7,0.1,295.0,269.0
10,10,0.2,0,1,0.1,251.0,257.0
10,10,0.2,0.1,0,0.1,187.0,94.0
10,10,0.2,0.1,0.1,0.1,187.0,94.0
10,10,0.2,0.1,0.4,0.1,294.0,260.0
10,10,0.2,0.1,0.7,0.1,273.0,266.0
10,10,0.2,0.1,1,0.1,293.0,249.0
10,10,0.2,0.4,0,0.1,187.0,94.0
10,10,0.2,0.4,0.1,0.1,187.0,94.0
10,10,0.2,0.4,0.4,0.1,295.0,269.0
10,10,0.2,0.4,0.7,0.1,236.0,261.0
10,10,0.2,0.4,1,0.1,287.0,268.0
10,10,0.2,0.7,0,0.1,187.0,220.0
10,10,0.2,0.7,0.1,0.1,193.0,220.0
10,10,0.2,0.7,0.4,0.1,288.0,268.0
10,10,0.2,0.7,0.7,0.1,288.0,268.0
10,10,0.2,0.7,1,0.1,293.0,249.0
10,10,0.2,1,0,0.1,187.0,220.0
10,10,0.2,1,0.1,0.1,187.0,220.0
10,10,0.2,1,0.4,0.1,288.0,268.0
10,10,0.2,1,0.7,0.1,295.0,210.0
10,10,0.2,1,1,0.1,279.0,247.0
10,10,0.25,0,0,0.1,137.0,157.0
10,10,0.25,0,0.1,0.1,193.0,233.0
10,10,0.25,0,0.4,0.1,294.0,260.0
10,10,0.25,0,0.7,0.1,295.0,269.0
10,10,0.25,0,1,0.1,251.0,257.0
10,10,0.25,0.1,0,0.1,187.0,94.0
10,10,0.25,0.1,0.1,0.1,187.0,94.0
10,10,0.25,0.1,0.4,0.1,294.0,260.0
10,10,0.25,0.1,0.7,0.1,273.0,266.0
10,10,0.25,0.1,1,0.1,293.0,249.0
10,10,0.25,0.4,0,0.1,187.0,94.0
10,10,0.25,0.4,0.1,0.1,187.0,94.0
10,10,0.25,0.4,0.4,0.1,295.0,269.0
10,10,0.25,0.4,0.7,0.1,236.0,261.0
10,10,0.25,0.4,1,0.1,287.0,268.0
10,10,0.25,0.7,0,0.1,187.0,220.0
10,10,0.25,0.7,0.1,0.1,193.0,220.0
10,10,0.25,0.7,0.4,0.1,288.0,268.0
10,10,0.25,0.7,0.7,0.1,288.0,268.0
10,10,0.25,0.7,1,0.1,293.0,249.0
10,10,0.25,1,0,0.1,187.0,220.0
10,10,0.25,1,0.1,0.1,187.0,220.0
10,10,0.25,1,0.4,0.1,288.0,268.0
10,10,0.25,1,0.7,0.1,295.0,210.0
10,10,0.25,1,1,0.1,279.0,247.0
10,10,0.3,0,0,0.1,137.0,157.0
10,10,0.3,0,0.1,0.1,193.0,233.0
10,10,0.3,0,0.4,0.1,294.0,260.0
10,10,0.3,0,0.7,0.1,295.0,269.0
10,10,0.3,0,1,0.1,251.0,257.0
10,10,0.3,0.1,0,0.1,187.0,94.0
10,10,0.3,0.1,0.1,0.1,187.0,94.0
10,10,0.3,0.1,0.4,0.1,294.0,260.0
10,10,0.3,0.1,0.7,0.1,273.0,266.0
10,10,0.3,0.1,1,0.1,293.0,249.0
10,10,0.3,0.4,0,0.1,187.0,94.0
10,10,0.3,0.4,0.1,0.1,187.0,94.0
10,10,0.3,0.4,0.4,0.1,295.0,269.0
10,10,0.3,0.4,0.7,0.1,236.0,261.0
10,10,0.3,0.4,1,0.1,287.0,268.0
10,10,0.3,0.7,0,0.1,187.0,220.0
10,10,0.3,0.7,0.1,0.1,193.0,220.0
10,10,0.3,0.7,0.4,0.1,288.0,268.0
10,10,0.3,0.7,0.7,0.1,288.0,268.0
10,10,0.3,0.7,1,0.1,293.0,249.0
10,10,0.3,1,0,0.1,187.0,220.0
10,10,0.3,1,0.1,0.1,187.0,220.0
10,10,0.3,1,0.4,0.1,288.0,268.0
10,10,0.3,1,0.7,0.1,295.0,210.0
10,10,0.3,1,1,0.1,279.0,247.0
10,50,0.05,0,0,0.1,137.0,157.0
10,50,0.05,0,0.1,0.1,205.0,268.0
10,50,0.05,0,0.4,0.1,155.0,182.0
10,50,0.05,0,0.7,0.1,156.0,168.0
10,50,0.05,0,1,0.1,150.0,230.0
10,50,0.05,0.1,0,0.1,187.0,94.0
10,50,0.05,0.1,0.1,0.1,154.0,207.0
10,50,0.05,0.1,0.4,0.1,56.0,115.0
10,50,0.05,0.1,0.7,0.1,195.0,168.0
10,50,0.05,0.1,1,0.1,234.0,207.0
10,50,0.05,0.4,0,0.1,137.0,157.0
10,50,0.05,0.4,0.1,0.1,287.0,268.0
10,50,0.05,0.4,0.4,0.1,241.0,233.0
10,50,0.05,0.4,0.7,0.1,199.0,250.0
10,50,0.05,0.4,1,0.1,212.0,246.0
10,50,0.05,0.7,0,0.1,116.0,157.0
10,50,0.05,0.7,0.1,0.1,206.0,254.0
10,50,0.05,0.7,0.4,0.1,293.0,257.0
10,50,0.05,0.7,0.7,0.1,284.0,256.0
10,50,0.05,0.7,1,0.1,295.0,269.0
10,50,0.05,1,0,0.1,187.0,220.0
10,50,0.05,1,0.1,0.1,260.0,267.0
10,50,0.05,1,0.4,0.1,285.0,265.0
10,50,0.05,1,0.7,0.1,287.0,268.0
10,50,0.05,1,1,0.1,250.0,263.0
10,50,0.1,0,0,0.1,137.0,157.0
10,50,0.1,0,0.1,0.1,205.0,268.0
10,50,0.1,0,0.4,0.1,155.0,182.0
10,50,0.1,0,0.7,0.1,156.0,168.0
10,50,0.1,0,1,0.1,150.0,230.0
10,50,0.1,0.1,0,0.1,187.0,94.0
10,50,0.1,0.1,0.1,0.1,154.0,207.0
10,50,0.1,0.1,0.4,0.1,56.0,115.0
10,50,0.1,0.1,0.7,0.1,195.0,168.0
10,50,0.1,0.1,1,0.1,234.0,207.0
10,50,0.1,0.4,0,0.1,137.0,157.0
10,50,0.1,0.4,0.1,0.1,287.0,268.0
10,50,0.1,0.4,0.4,0.1,241.0,233.0
10,50,0.1,0.4,0.7,0.1,199.0,250.0
10,50,0.1,0.4,1,0.1,212.0,246.0
10,50,0.1,0.7,0,0.1,116.0,157.0
10,50,0.1,0.7,0.1,0.1,206.0,254.0
10,50,0.1,0.7,0.4,0.1,293.0,257.0
10,50,0.1,0.7,0.7,0.1,284.0,256.0
10,50,0.1,0.7,1,0.1,295.0,269.0
10,50,0.1,1,0,0.1,187.0,220.0
10,50,0.1,1,0.1,0.1,260.0,267.0
10,50,0.1,1,0.4,0.1,285.0,265.0
10,50,0.1,1,0.7,0.1,287.0,268.0
10,50,0.1,1,1,0.1,250.0,263.0
10,50,0.15,0,0,0.1,137.0,157.0
10,50,0.15,0,0.1,0.1,205.0,268.0
10,50,0.15,0,0.4,0.1,155.0,182.0
10,50,0.15,0,0.7,0.1,156.0,168.0
10,50,0.15,0,1,0.1,150.0,230.0
10,50,0.15,0.1,0,0.1,187.0,94.0
10,50,0.15,0.1,0.1,0.1,154.0,207.0
10,50,0.15,0.1,0.4,0.1,56.0,115.0
10,50,0.15,0.1,0.7,0.1,195.0,168.0
10,50,0.15,0.1,1,0.1,234.0,207.0
10,50,0.15,0.4,0,0.1,137.0,157.0
10,50,0.15,0.4,0.1,0.1,287.0,268.0
10,50,0.15,0.4,0.4,0.1,241.0,233.0
10,50,0.15,0.4,0.7,0.1,199.0,250.0
10,50,0.15,0.4,1,0.1,212.0,246.0
10,50,0.15,0.7,0,0.1,116.0,157.0
10,50,0.15,0.7,0.1,0.1,206.0,254.0
10,50,0.15,0.7,0.4,0.1,293.0,257.0
10,50,0.15,0.7,0.7,0.1,284.0,256.0
10,50,0.15,0.7,1,0.1,295.0,269.0
10,50,0.15,1,0,0.1,187.0,220.0
10,50,0.15,1,0.1,0.1,260.0,267.0
10,50,0.15,1,0.4,0.1,285.0,265.0
10,50,0.15,1,0.7,0.1,287.0,268.0
10,50,0.15,1,1,0.1,250.0,263.0
10,50,0.2,0,0,0.1,137.0,157.0
10,50,0.2,0,0.1,0.1,290.0,237.0
10,50,0.2,0,0.4,0.1,295.0,269.0
10,50,0.2,0,0.7,0.1,295.0,269.0
10,50,0.2,0,1,0.1,295.0,269.0
10,50,0.2,0.1,0,0.1,187.0,94.0
10,50,0.2,0.1,0.1,0.1,295.0,269.0
10,50,0.2,0.1,0.4,0.1,295.0,269.0
10,50,0.2,0.1,0.7,0.1,294.0,260.0
10,50,0.2,0.1,1,0.1,295.0,269.0
10,50,0.2,0.4,0,0.1,187.0,94.0
10,50,0.2,0.4,0.1,0.1,294.0,260.0
10,50,0.2,0.4,0.4,0.1,295.0,269.0
10,50,0.2,0.4,0.7,0.1,295.0,269.0
10,50,0.2,0.4,1,0.1,295.0,269.0
10,50,0.2,0.7,0,0.1,187.0,220.0
10,50,0.2,0.7,0.1,0.1,295.0,256.0
10,50,0.2,0.7,0.4,0.1,293.0,249.0
10,50,0.2,0.7,0.7,0.1,295.0,269.0
10,50,0.2,0.7,1,0.1,295.0,269.0
10,50,0.2,1,0,0.1,187.0,220.0
10,50,0.2,1,0.1,0.1,251.0,257.0
10,50,0.2,1,0.4,0.1,294.0,260.0
10,50,0.2,1,0.7,0.1,295.0,210.0
10,50,0.2,1,1,0.1,295.0,269.0
10,50,0.25,0,0,0.1,137.0,157.0
10,50,0.25,0,0.1,0.1,290.0,237.0
10,50,0.25,0,0.4,0.1,295.0,269.0
10,50,0.25,0,0.7,0.1,295.0,269.0
10,50,0.25,0,1,0.1,295.0,269.0
10,50,0.25,0.1,0,0.1,187.0,94.0
10,50,0.25,0.1,0.1,0.1,295.0,269.0
10,50,0.25,0.1,0.4,0.1,295.0,269.0
10,50,0.25,0.1,0.7,0.1,294.0,260.0
10,50,0.25,0.1,1,0.1,295.0,269.0
10,50,0.25,0.4,0,0.1,187.0,94.0
10,50,0.25,0.4,0.1,0.1,294.0,260.0
10,50,0.25,0.4,0.4,0.1,295.0,269.0
10,50,0.25,0.4,0.7,0.1,295.0,269.0
10,50,0.25,0.4,1,0.1,295.0,269.0
10,50,0.25,0.7,0,0.1,187.0,220.0
10,50,0.25,0.7,0.1,0.1,295.0,256.0
10,50,0.25,0.7,0.4,0.1,293.0,249.0
10,50,0.25,0.7,0.7,0.1,295.0,269.0
10,50,0.25,0.7,1,0.1,295.0,269.0
10,50,0.25,1,0,0.1,187.0,220.0
10,50,0.25,1,0.1,0.1,251.0,257.0
10,50,0.25,1,0.4,0.1,294.0,260.0
10,50,0.25,1,0.7,0.1,295.0,210.0
10,50,0.25,1,1,0.1,295.0,269.0
10,50,0.3,0,0,0.1,137.0,157.0
10,50,0.3,0,0.1,0.1,290.0,237.0
10,50,0.3,0,0.4,0.1,295.0,269.0
10,50,0.3,0,0.7,0.1,295.0,269.0
10,50,0.3,0,1,0.1,295.0,269.0
10,50,0.3,0.1,0,0.1,187.0,94.0
10,50,0.3,0.1,0.1,0.1,295.0,269.0
10,50,0.3,0.1,0.4,0.1,295.0,269.0
10,50,0.3,0.1,0.7,0.1,294.0,260.0
10,50,0.3,0.1,1,0.1,295.0,269.0
10,50,0.3,0.4,0,0.1,187.0,94.0
10,50,0.3,0.4,0.1,0.1,294.0,260.0
10,50,0.3,0.4,0.4,0.1,295.0,269.0
10,50,0.3,0.4,0.7,0.1,295.0,269.0
10,50,0.3,0.4,1,0.1,295.0,269.0
10,50,0.3,0.7,0,0.1,187.0,220.0
10,50,0.3,0.7,0.1,0.1,295.0,256.0
10,50,0.3,0.7,0.4,0.1,293.0,249.0
10,50,0.3,0.7,0.7,0.1,295.0,269.0
10,50,0.3,0.7,1,0.1,295.0,269.0
10,50,0.3,1,0,0.1,187.0,220.0
10,50,0.3,1,0.1,0.1,251.0,257.0
10,50,0.3,1,0.4,0.1,294.0,260.0
10,50,0.3,1,0.7,0.1,295.0,210.0
10,50,0.3,1,1,0.1,295.0,269.0
10,100,0.05,0,0,0.1,137.0,157.0
10,100,0.05,0,0.1,0.1,243.0,177.0
10,100,0.05,0,0.4,0.1,123.0,158.0
10,100,0.05,0,0.7,0.1,8.0,80.0
10,100,0.05,0,1,0.1,69.0,131.0
10,100,0.05,0.1,0,0.1,187.0,94.0
10,100,0.05,0.1,0.1,0.1,200.0,236.0
10,100,0.05,0.1,0.4,0.1,227.0,251.0
10,100,0.05,0.1,0.7,0.1,233.0,198.0
10,100,0.05,0.1,1,0.1,251.0,257.0
10,100,0.05,0.4,0,0.1,137.0,157.0
10,100,0.05,0.4,0.1,0.1,287.0,268.0
10,100,0.05,0.4,0.4,0.1,295.0,269.0
10,100,0.05,0.4,0.7,0.1,269.0,243.0
10,100,0.05,0.4,1,0.1,194.0,233.0
10,100,0.05,0.7,0,0.1,116.0,157.0
10,100,0.05,0.7,0.1,0.1,246.0,265.0
10,100,0.05,0.7,0.4,0.1,252.0,232.0
10,100,0.05,0.7,0.7,0.1,252.0,232.0
10,100,0.05,0.7,1,0.1,243.0,259.0
10,100,0.05,1,0,0.1,187.0,220.0
10,100,0.05,1,0.1,0.1,260.0,267.0
10,100,0.05,1,0.4,0.1,285.0,233.0
10,100,0.05,1,0.7,0.1,288.0,268.0
10,100,0.05,1,1,0.1,287.0,268.0
10,100,0.1,0,0,0.1,137.0,157.0
10,100,0.1,0,0.1,0.1,243.0,177.0
10,100,0.1,0,0.4,0.1,123.0,158.0
10,100,0.1,0,0.7,0.1,8.0,80.0
10,100,0.1,0,1,0.1,69.0,131.0
10,100,0.1,0.1,0,0.1,187.0,94.0
10,100,0.1,0.1,0.1,0.1,200.0,236.0
10,100,0.1,0.1,0.4,0.1,227.0,251.0
10,100,0.1,0.1,0.7,0.1,233.0,198.0
10,100,0.1,0.1,1,0.1,251.0,257.0
10,100,0.1,0.4,0,0.1,137.0,157.0
10,100,0.1,0.4,0.1,0.1,287.0,268.0
10,100,0.1,0.4,0.4,0.1,295.0,269.0
10,100,0.1,0.4,0.7,0.1,269.0,243.0
10,100,0.1,0.4,1,0.1,194.0,233.0
10,100,0.1,0.7,0,0.1,116.0,157.0
10,100,0.1,0.7,0.1,0.1,246.0,265.0
10,100,0.1,0.7,0.4,0.1,252.0,232.0
10,100,0.1,0.7,0.7,0.1,252.0,232.0
10,100,0.1,0.7,1,0.1,243.0,259.0
10,100,0.1,1,0,0.1,187.0,220.0
10,100,0.1,1,0.1,0.1,260.0,267.0
10,100,0.1,1,0.4,0.1,285.0,233.0
10,100,0.1,1,0.7,0.1,288.0,268.0
10,100,0.1,1,1,0.1,287.0,268.0
10,100,0.15,0,0,0.1,137.0,157.0
10,100,0.15,0,0.1,0.1,243.0,177.0
10,100,0.15,0,0.4,0.1,123.0,158.0
10,100,0.15,0,0.7,0.1,8.0,80.0
10,100,0.15,0,1,0.1,69.0,131.0
10,100,0.15,0.1,0,0.1,187.0,94.0
10,100,0.15,0.1,0.1,0.1,200.0,236.0
10,100,0.15,0.1,0.4,0.1,227.0,251.0
10,100,0.15,0.1,0.7,0.1,233.0,198.0
10,100,0.15,0.1,1,0.1,251.0,257.0
10,100,0.15,0.4,0,0.1,137.0,157.0
10,100,0.15,0.4,0.1,0.1,287.0,268.0
10,100,0.15,0.4,0.4,0.1,295.0,269.0
10,100,0.15,0.4,0.7,0.1,269.0,243.0
10,100,0.15,0.4,1,0.1,194.0,233.0
10,100,0.15,0.7,0,0.1,116.0,157.0
10,100,0.15,0.7,0.1,0.1,246.0,265.0
10,100,0.15,0.7,0.4,0.1,252.0,232.0
10,100,0.15,0.7,0.7,0.1,252.0,232.0
10,100,0.15,0.7,1,0.1,243.0,259.0
10,100,0.15,1,0,0.1,187.0,220.0
10,100,0.15,1,0.1,0.1,260.0,267.0
10,100,0.15,1,0.4,0.1,285.0,233.0
10,100,0.15,1,0.7,0.1,288.0,268.0
10,100,0.15,1,1,0.1,287.0,268.0
10,100,0.2,0,0,0.1,137.0,157.0
10,100,0.2,0,0.1,0.1,295.0,269.0
10,100,0.2,0,0.4,0.1,295.0,269.0
10,100,0.2,0,0.7,0.1,295.0,269.0
10,100,0.2,0,1,0.1,295.0,269.0
10,100,0.2,0.1,0,0.1,187.0,94.0
10,100,0.2,0.1,0.1,0.1,295.0,269.0
10,100,0.2,0.1,0.4,0.1,295.0,269.0
10,100,0.2,0.1,0.7,0.1,295.0,138.0
10,100,0.2,0.1,1,0.1,295.0,269.0
10,100,0.2,0.4,0,0.1,187.0,94.0
10,100,0.2,0.4,0.1,0.1,295.0,269.0
10,100,0.2,0.4,0.4,0.1,295.0,269.0
10,100,0.2,0.4,0.7,0.1,295.0,269.0
10,100,0.2,0.4,1,0.1,295.0,269.0
10,100,0.2,0.7,0,0.1,187.0,220.0
10,100,0.2,0.7,0.1,0.1,295.0,256.0
10,100,0.2,0.7,0.4,0.1,295.0,269.0
10,100,0.2,0.7,0.7,0.1,295.0,269.0
10,100,0.2,0.7,1,0.1,295.0,269.0
10,100,0.2,1,0,0.1,187.0,220.0
10,100,0.2,1,0.1,0.1,293.0,249.0
10,100,0.2,1,0.4,0.1,294.0,260.0
10,100,0.2,1,0.7,0.1,295.0,210.0
10,100,0.2,1,1,0.1,295.0,269.0
10,100,0.25,0,0,0.1,137.0,157.0
10,100,0.25,0,0.1,0.1,295.0,269.0
10,100,0.25,0,0.4,0.1,295.0,269.0
10,100,0.25,0,0.7,0.1,295.0,269.0
10,100,0.25,0,1,0.1,295.0,269.0
10,100,0.25,0.1,0,0.1,187.0,94.0
10,100,0.25,0.1,0.1,0.1,295.0,269.0
10,100,0.25,0.1,0.4,0.1,295.0,269.0
10,100,0.25,0.1,0.7,0.1,295.0,138.0
10,100,0.25,0.1,1,0.1,295.0,269.0
10,100,0.25,0.4,0,0.1,187.0,94.0
10,100,0.25,0.4,0.1,0.1,295.0,269.0
10,100,0.25,0.4,0.4,0.1,295.0,269.0
10,100,0.25,0.4,0.7,0.1,295.0,269.0
10,100,0.25,0.4,1,0.1,295.0,269.0
10,100,0.25,0.7,0,0.1,187.0,220.0
10,100,0.25,0.7,0.1,0.1,295.0,256.0
10,100,0.25,0.7,0.4,0.1,295.0,269.0
10,100,0.25,0.7,0.7,0.1,295.0,269.0
10,100,0.25,0.7,1,0.1,295.0,269.0
10,100,0.25,1,0,0.1,187.0,220.0
10,100,0.25,1,0.1,0.1,293.0,249.0
10,100,0.25,1,0.4,0.1,294.0,260.0
10,100,0.25,1,0.7,0.1,295.0,210.0
10,100,0.25,1,1,0.1,295.0,269.0
10,100,0.3,0,0,0.1,137.0,157.0
10,100,0.3,0,0.1,0.1,295.0,269.0
10,100,0.3,0,0.4,0.1,295.0,269.0
10,100,0.3,0,0.7,0.1,295.0,269.0
10,100,0.3,0,1,0.1,295.0,269.0
10,100,0.3,0.1,0,0.1,187.0,94.0
10,100,0.3,0.1,0.1,0.1,295.0,269.0
10,100,0.3,0.1,0.4,0.1,295.0,269.0
10,100,0.3,0.1,0.7,0.1,295.0,138.0
10,100,0.3,0.1,1,0.1,295.0,269.0
10,100,0.3,0.4,0,0.1,187.0,94.0
10,100,0.3,0.4,0.1,0.1,295.0,269.0
10,100,0.3,0.4,0.4,0.1,295.0,269.0
10,100,0.3,0.4,0.7,0.1,295.0,269.0
10,100,0.3,0.4,1,0.1,295.0,269.0
10,100,0.3,0.7,0,0.1,187.0,220.0
10,100,0.3,0.7,0.1,0.1,295.0,256.0
10,100,0.3,0.7,0.4,0.1,295.0,269.0
10,100,0.3,0.7,0.7,0.1,295.0,269.0
10,100,0.3,0.7,1,0.1,295.0,269.0
10,100,0.3,1,0,0.1,187.0,220.0
10,100,0.3,1,0.1,0.1,293.0,249.0
10,100,0.3,1,0.4,0.1,294.0,260.0
10,100,0.3,1,0.7,0.1,295.0,210.0
10,100,0.3,1,1,0.1,295.0,269.0
10,120,0.05,0,0,0.1,137.0,157.0
10,120,0.05,0,0.1,0.1,208.0,235.0
10,120,0.05,0,0.4,0.1,152.0,154.0
10,120,0.05,0,0.7,0.1,69.0,142.0
10,120,0.05,0,1,0.1,194.0,182.0
10,120,0.05,0.1,0,0.1,187.0,94.0
10,120,0.05,0.1,0.1,0.1,164.0,211.0
10,120,0.05,0.1,0.4,0.1,206.0,254.0
10,120,0.05,0.1,0.7,0.1,293.0,249.0
10,120,0.05,0.1,1,0.1,196.0,236.0
10,120,0.05,0.4,0,0.1,137.0,157.0
10,120,0.05,0.4,0.1,0.1,287.0,268.0
10,120,0.05,0.4,0.4,0.1,248.0,209.0
10,120,0.05,0.4,0.7,0.1,208.0,184.0
10,120,0.05,0.4,1,0.1,236.0,261.0
10,120,0.05,0.7,0,0.1,116.0,157.0
10,120,0.05,0.7,0.1,0.1,242.0,242.0
10,120,0.05,0.7,0.4,0.1,294.0,260.0
10,120,0.05,0.7,0.7,0.1,273.0,266.0
10,120,0.05,0.7,1,0.1,288.0,268.0
10,120,0.05,1,0,0.1,187.0,220.0
10,120,0.05,1,0.1,0.1,260.0,267.0
10,120,0.05,1,0.4,0.1,287.0,268.0
10,120,0.05,1,0.7,0.1,274.0,266.0
10,120,0.05,1,1,0.1,288.0,268.0
10,120,0.1,0,0,0.1,137.0,157.0
10,120,0.1,0,0.1,0.1,208.0,235.0
10,120,0.1,0,0.4,0.1,152.0,154.0
10,120,0.1,0,0.7,0.1,69.0,142.0
10,120,0.1,0,1,0.1,194.0,182.0
10,120,0.1,0.1,0,0.1,187.0,94.0
10,120,0.1,0.1,0.1,0.1,164.0,211.0
10,120,0.1,0.1,0.4,0.1,206.0,254.0
10,120,0.1,0.1,0.7,0.1,293.0,249.0
10,120,0.1,0.1,1,0.1,196.0,236.0
10,120,0.1,0.4,0,0.1,137.0,157.0
10,120,0.1,0.4,0.1,0.1,287.0,268.0
10,120,0.1,0.4,0.4,0.1,248.0,209.0
10,120,0.1,0.4,0.7,0.1,208.0,184.0
10,120,0.1,0.4,1,0.1,236.0,261.0
10,120,0.1,0.7,0,0.1,116.0,157.0
10,120,0.1,0.7,0.1,0.1,242.0,242.0
10,120,0.1,0.7,0.4,0.1,294.0,260.0
10,120,0.1,0.7,0.7,0.1,273.0,266.0
10,120,0.1,0.7,1,0.1,288.0,268.0
10,120,0.1,1,0,0.1,187.0,220.0
10,120,0.1,1,0.1,0.1,260.0,267.0
10,120,0.1,1,0.4,0.1,287.0,268.0
10,120,0.1,1,0.7,0.1,274.0,266.0
10,120,0.1,1,1,0.1,288.0,268.0
10,120,0.15,0,0,0.1,137.0,157.0
10,120,0.15,0,0.1,0.1,208.0,235.0
10,120,0.15,0,0.4,0.1,152.0,154.0
10,120,0.15,0,0.7,0.1,69.0,142.0
10,120,0.15,0,1,0.1,194.0,182.0
10,120,0.15,0.1,0,0.1,187.0,94.0
10,120,0.15,0.1,0.1,0.1,164.0,211.0
10,120,0.15,0.1,0.4,0.1,206.0,254.0
10,120,0.15,0.1,0.7,0.1,293.0,249.0
10,120,0.15,0.1,1,0.1,196.0,236.0
10,120,0.15,0.4,0,0.1,137.0,157.0
10,120,0.15,0.4,0.1,0.1,287.0,268.0
10,120,0.15,0.4,0.4,0.1,248.0,209.0
10,120,0.15,0.4,0.7,0.1,208.0,184.0
10,120,0.15,0.4,1,0.1,236.0,261.0
10,120,0.15,0.7,0,0.1,116.0,157.0
10,120,0.15,0.7,0.1,0.1,242.0,242.0
10,120,0.15,0.7,0.4,0.1,294.0,260.0
10,120,0.15,0.7,0.7,0.1,273.0,266.0
10,120,0.15,0.7,1,0.1,288.0,268.0
10,120,0.15,1,0,0.1,187.0,220.0
10,120,0.15,1,0.1,0.1,260.0,267.0
10,120,0.15,1,0.4,0.1,287.0,268.0
10,120,0.15,1,0.7,0.1,274.0,266.0
10,120,0.15,1,1,0.1,288.0,268.0
10,120,0.2,0,0,0.1,137.0,157.0
10,120,0.2,0,0.1,0.1,295.0,269.0
10,120,0.2,0,0.4,0.1,295.0,269.0
10,120,0.2,0,0.7,0.1,295.0,269.0
10,120,0.2,0,1,0.1,295.0,269.0
10,120,0.2,0.1,0,0.1,187.0,94.0
10,120,0.2,0.1,0.1,0.1,295.0,269.0
10,120,0.2,0.1,0.4,0.1,295.0,269.0
10,120,0.2,0.1,0.7,0.1,295.0,138.0
10,120,0.2,0.1,1,0.1,295.0,269.0
10,120,0.2,0.4,0,0.1,187.0,94.0
10,120,0.2,0.4,0.1,0.1,295.0,269.0
10,120,0.2,0.4,0.4,0.1,295.0,269.0
10,120,0.2,0.4,0.7,0.1,295.0,269.0
10,120,0.2,0.4,1,0.1,295.0,269.0
10,120,0.2,0.7,0,0.1,187.0,220.0
10,120,0.2,0.7,0.1,0.1,295.0,256.0
10,120,0.2,0.7,0.4,0.1,295.0,269.0
10,120,0.2,0.7,0.7,0.1,295.0,269.0
10,120,0.2,0.7,1,0.1,295.0,269.0
10,120,0.2,1,0,0.1,187.0,220.0
10,120,0.2,1,0.1,0.1,293.0,249.0
10,120,0.2,1,0.4,0.1,295.0,269.0
10,120,0.2,1,0.7,0.1,295.0,210.0
10,120,0.2,1,1,0.1,295.0,269.0
10,120,0.25,0,0,0.1,137.0,157.0
10,120,0.25,0,0.1,0.1,295.0,269.0
10,120,0.25,0,0.4,0.1,295.0,269.0
10,120,0.25,0,0.7,0.1,295.0,269.0
10,120,0.25,0,1,0.1,295.0,269.0
10,120,0.25,0.1,0,0.1,187.0,94.0
10,120,0.25,0.1,0.1,0.1,295.0,269.0
10,120,0.25,0.1,0.4,0.1,295.0,269.0
10,120,0.25,0.1,0.7,0.1,295.0,138.0
10,120,0.25,0.1,1,0.1,295.0,269.0
10,120,0.25,0.4,0,0.1,187.0,94.0
10,120,0.25,0.4,0.1,0.1,295.0,269.0
10,120,0.25,0.4,0.4,0.1,295.0,269.0
10,120,0.25,0.4,0.7,0.1,295.0,269.0
10,120,0.25,0.4,1,0.1,295.0,269.0
10,120,0.25,0.7,0,0.1,187.0,220.0
10,120,0.25,0.7,0.1,0.1,295.0,256.0
10,120,0.25,0.7,0.4,0.1,295.0,269.0
10,120,0.25,0.7,0.7,0.1,295.0,269.0
10,120,0.25,0.7,1,0.1,295.0,269.0
10,120,0.25,1,0,0.1,187.0,220.0
10,120,0.25,1,0.1,0.1,293.0,249.0
10,120,0.25,1,0.4,0.1,295.0,269.0
10,120,0.25,1,0.7,0.1,295.0,210.0
10,120,0.25,1,1,0.1,295.0,269.0
10,120,0.3,0,0,0.1,137.0,157.0
10,120,0.3,0,0.1,0.1,295.0,269.0
10,120,0.3,0,0.4,0.1,295.0,269.0
10,120,0.3,0,0.7,0.1,295.0,269.0
10,120,0.3,0,1,0.1,295.0,269.0
10,120,0.3,0.1,0,0.1,187.0,94.0
10,120,0.3,0.1,0.1,0.1,295.0,269.0
10,120,0.3,0.1,0.4,0.1,295.0,269.0
10,120,0.3,0.1,0.7,0.1,295.0,138.0
10,120,0.3,0.1,1,0.1,295.0,269.0
10,120,0.3,0.4,0,0.1,187.0,94.0
10,120,0.3,0.4,0.1,0.1,295.0,269.0
10,120,0.3,0.4,0.4,0.1,295.0,269.0
10,120,0.3,0.4,0.7,0.1,295.0,269.0
10,120,0.3,0.4,1,0.1,295.0,269.0
10,120,0.3,0.7,0,0.1,187.0,220.0
10,120,0.3,0.7,0.1,0.1,295.0,256.0
10,120,0.3,0.7,0.4,0.1,295.0,269.0
10,120,0.3,0.7,0.7,0.1,295.0,269.0
10,120,0.3,0.7,1,0.1,295.0,269.0
10,120,0.3,1,0,0.1,187.0,220.0
10,120,0.3,1,0.1,0.1,293.0,249.0
10,120,0.3,1,0.4,0.1,295.0,269.0
10,120,0.3,1,0.7,0.1,295.0,210.0
10,120,0.3,1,1,0.1,295.0,269.0
50,10,0.05,0,0,0.1,146.0,127.0
50,10,0.05,0,0.1,0.1,273.0,266.0
50,10,0.05,0,0.4,0.1,293.0,249.0
50,10,0.05,0,0.7,0.1,288.0,268.0
50,10,0.05,0,1,0.1,255.0,244.0
50,10,0.05,0.1,0,0.1,200.0,0
50,10,0.05,0.1,0.1,0.1,217.0,239.0
50,10,0.05,0.1,0.4,0.1,293.0,249.0
50,10,0.05,0.1,0.7,0.1,295.0,269.0
50,10,0.05,0.1,1,0.1,295.0,269.0
50,10,0.05,0.4,0,0.1,274.0,125.0
50,10,0.05,0.4,0.1,0.1,284.0,256.0
50,10,0.05,0.4,0.4,0.1,295.0,269.0
50,10,0.05,0.4,0.7,0.1,295.0,269.0
50,10,0.05,0.4,1,0.1,295.0,269.0
50,10,0.05,0.7,0,0.1,206.0,160.0
50,10,0.05,0.7,0.1,0.1,285.0,265.0
50,10,0.05,0.7,0.4,0.1,295.0,269.0
50,10,0.05,0.7,0.7,0.1,295.0,269.0
50,10,0.05,0.7,1,0.1,294.0,260.0
50,10,0.05,1,0,0.1,243.0,259.0
50,10,0.05,1,0.1,0.1,285.0,265.0
50,10,0.05,1,0.4,0.1,295.0,269.0
50,10,0.05,1,0.7,0.1,295.0,269.0
50,10,0.05,1,1,0.1,295.0,269.0
50,10,0.1,0,0,0.1,146.0,127.0
50,10,0.1,0,0.1,0.1,280.0,233.0
50,10,0.1,0,0.4,0.1,251.0,257.0
50,10,0.1,0,0.7,0.1,285.0,265.0
50,10,0.1,0,1,0.1,295.0,269.0
50,10,0.1,0.1,0,0.1,274.0,266.0
50,10,0.1,0.1,0.1,0.1,273.0,266.0
50,10,0.1,0.1,0.4,0.1,295.0,269.0
50,10,0.1,0.1,0.7,0.1,279.0,247.0
50,10,0.1,0.1,1,0.1,294.0,260.0
50,10,0.1,0.4,0,0.1,274.0,266.0
50,10,0.1,0.4,0.1,0.1,216.0,258.0
50,10,0.1,0.4,0.4,0.1,295.0,269.0
50,10,0.1,0.4,0.7,0.1,293.0,249.0
50,10,0.1,0.4,1,0.1,293.0,249.0
50,10,0.1,0.7,0,0.1,283.0,245.0
50,10,0.1,0.7,0.1,0.1,290.0,237.0
50,10,0.1,0.7,0.4,0.1,294.0,260.0
50,10,0.1,0.7,0.7,0.1,290.0,237.0
50,10,0.1,0.7,1,0.1,295.0,269.0
50,10,0.1,1,0,0.1,288.0,268.0
50,10,0.1,1,0.1,0.1,273.0,148.0
50,10,0.1,1,0.4,0.1,295.0,269.0
50,10,0.1,1,0.7,0.1,293.0,249.0
50,10,0.1,1,1,0.1,295.0,269.0
50,10,0.15,0,0,0.1,146.0,127.0
50,10,0.15,0,0.1,0.1,279.0,247.0
50,10,0.15,0,0.4,0.1,293.0,249.0
50,10,0.15,0,0.7,0.1,295.0,269.0
50,10,0.15,0,1,0.1,294.0,260.0
50,10,0.15,0.1,0,0.1,200.0,65.0
50,10,0.15,0.1,0.1,0.1,290.0,237.0
50,10,0.15,0.1,0.4,0.1,273.0,266.0
50,10,0.15,0.1,0.7,0.1,285.0,265.0
50,10,0.15,0.1,1,0.1,294.0,260.0
50,10,0.15,0.4,0,0.1,207.0,214.0
50,10,0.15,0.4,0.1,0.1,279.0,247.0
50,10,0.15,0.4,0.4,0.1,294.0,260.0
50,10,0.15,0.4,0.7,0.1,288.0,268.0
50,10,0.15,0.4,1,0.1,294.0,260.0
50,10,0.15,0.7,0,0.1,274.0,266.0
50,10,0.15,0.7,0.1,0.1,295.0,269.0
50,10,0.15,0.7,0.4,0.1,295.0,269.0
50,10,0.15,0.7,0.7,0.1,295.0,269.0
50,10,0.15,0.7,1,0.1,295.0,269.0
50,10,0.15,1,0,0.1,245.0,240.0
50,10,0.15,1,0.1,0.1,295.0,269.0
50,10,0.15,1,0.4,0.1,294.0,260.0
50,10,0.15,1,0.7,0.1,295.0,269.0
50,10,0.15,1,1,0.1,295.0,269.0
50,10,0.2,0,0,0.1,146.0,127.0
50,10,0.2,0,0.1,0.1,288.0,268.0
50,10,0.2,0,0.4,0.1,295.0,269.0
50,10,0.2,0,0.7,0.1,295.0,269.0
50,10,0.2,0,1,0.1,294.0,260.0
50,10,0.2,0.1,0,0.1,201.0,65.0
50,10,0.2,0.1,0.1,0.1,243.0,62.0
50,10,0.2,0.1,0.4,0.1,294.0,260.0
50,10,0.2,0.1,0.7,0.1,290.0,237.0
50,10,0.2,0.1,1,0.1,290.0,237.0
50,10,0.2,0.4,0,0.1,200.0,222.0
50,10,0.2,0.4,0.1,0.1,290.0,237.0
50,10,0.2,0.4,0.4,0.1,295.0,269.0
50,10,0.2,0.4,0.7,0.1,295.0,171.0
50,10,0.2,0.4,1,0.1,295.0,269.0
50,10,0.2,0.7,0,0.1,295.0,269.0
50,10,0.2,0.7,0.1,0.1,274.0,266.0
50,10,0.2,0.7,0.4,0.1,295.0,269.0
50,10,0.2,0.7,0.7,0.1,295.0,269.0
50,10,0.2,0.7,1,0.1,295.0,269.0
50,10,0.2,1,0,0.1,202.0,217.0
50,10,0.2,1,0.1,0.1,294.0,260.0
50,10,0.2,1,0.4,0.1,288.0,268.0
50,10,0.2,1,0.7,0.1,293.0,249.0
50,10,0.2,1,1,0.1,295.0,269.0
50,10,0.25,0,0,0.1,146.0,127.0
50,10,0.25,0,0.1,0.1,293.0,249.0
50,10,0.25,0,0.4,0.1,295.0,269.0
50,10,0.25,0,0.7,0.1,288.0,268.0
50,10,0.25,0,1,0.1,294.0,260.0
50,10,0.25,0.1,0,0.1,200.0,0
50,10,0.25,0.1,0.1,0.1,255.0,244.0
50,10,0.25,0.1,0.4,0.1,294.0,260.0
50,10,0.25,0.1,0.7,0.1,294.0,260.0
50,10,0.25,0.1,1,0.1,294.0,260.0
50,10,0.25,0.4,0,0.1,201.0,125.0
50,10,0.25,0.4,0.1,0.1,290.0,237.0
50,10,0.25,0.4,0.4,0.1,294.0,260.0
50,10,0.25,0.4,0.7,0.1,295.0,269.0
50,10,0.25,0.4,1,0.1,294.0,260.0
50,10,0.25,0.7,0,0.1,287.0,268.0
50,10,0.25,0.7,0.1,0.1,290.0,237.0
50,10,0.25,0.7,0.4,0.1,295.0,269.0
50,10,0.25,0.7,0.7,0.1,295.0,269.0
50,10,0.25,0.7,1,0.1,295.0,269.0
50,10,0.25,1,0,0.1,288.0,268.0
50,10,0.25,1,0.1,0.1,288.0,268.0
50,10,0.25,1,0.4,0.1,294.0,260.0
50,10,0.25,1,0.7,0.1,293.0,249.0
50,10,0.25,1,1,0.1,293.0,249.0
50,10,0.3,0,0,0.1,146.0,127.0
50,10,0.3,0,0.1,0.1,284.0,256.0
50,10,0.3,0,0.4,0.1,279.0,247.0
50,10,0.3,0,0.7,0.1,293.0,249.0
50,10,0.3,0,1,0.1,293.0,249.0
50,10,0.3,0.1,0,0.1,204.0,259.0
50,10,0.3,0.1,0.1,0.1,290.0,237.0
50,10,0.3,0.1,0.4,0.1,294.0,260.0
50,10,0.3,0.1,0.7,0.1,290.0,237.0
50,10,0.3,0.1,1,0.1,295.0,269.0
50,10,0.3,0.4,0,0.1,201.0,65.0
50,10,0.3,0.4,0.1,0.1,274.0,266.0
50,10,0.3,0.4,0.4,0.1,293.0,286.0
50,10,0.3,0.4,0.7,0.1,295.0,269.0
50,10,0.3,0.4,1,0.1,295.0,269.0
50,10,0.3,0.7,0,0.1,227.0,206.0
50,10,0.3,0.7,0.1,0.1,288.0,201.0
50,10,0.3,0.7,0.4,0.1,295.0,269.0
50,10,0.3,0.7,0.7,0.1,295.0,269.0
50,10,0.3,0.7,1,0.1,295.0,269.0
50,10,0.3,1,0,0.1,295.0,269.0
50,10,0.3,1,0.1,0.1,293.0,249.0
50,10,0.3,1,0.4,0.1,293.0,249.0
50,10,0.3,1,0.7,0.1,294.0,260.0
50,10,0.3,1,1,0.1,293.0,249.0
50,50,0.05,0,0,0.1,146.0,127.0
50,50,0.05,0,0.1,0.1,295.0,269.0
50,50,0.05,0,0.4,0.1,294.0,260.0
50,50,0.05,0,0.7,0.1,295.0,269.0
50,50,0.05,0,1,0.1,295.0,269.0
50,50,0.05,0.1,0,0.1,200.0,0
50,50,0.05,0.1,0.1,0.1,294.0,260.0
50,50,0.05,0.1,0.4,0.1,295.0,269.0
50,50,0.05,0.1,0.7,0.1,295.0,269.0
50,50,0.05,0.1,1,0.1,295.0,269.0
50,50,0.05,0.4,0,0.1,274.0,125.0
50,50,0.05,0.4,0.1,0.1,293.0,249.0
50,50,0.05,0.4,0.4,0.1,295.0,269.0
50,50,0.05,0.4,0.7,0.1,295.0,269.0
50,50,0.05,0.4,1,0.1,295.0,269.0
50,50,0.05,0.7,0,0.1,206.0,160.0
50,50,0.05,0.7,0.1,0.1,295.0,256.0
50,50,0.05,0.7,0.4,0.1,295.0,269.0
50,50,0.05,0.7,0.7,0.1,295.0,269.0
50,50,0.05,0.7,1,0.1,295.0,269.0
50,50,0.05,1,0,0.1,243.0,259.0
50,50,0.05,1,0.1,0.1,295.0,269.0
50,50,0.05,1,0.4,0.1,295.0,269.0
50,50,0.05,1,0.7,0.1,295.0,269.0
50,50,0.05,1,1,0.1,295.0,269.0
50,50,0.1,0,0,0.1,146.0,127.0
50,50,0.1,0,0.1,0.1,295.0,269.0
50,50,0.1,0,0.4,0.1,295.0,269.0
50,50,0.1,0,0.7,0.1,293.0,249.0
50,50,0.1,0,1,0.1,295.0,269.0
50,50,0.1,0.1,0,0.1,274.0,266.0
50,50,0.1,0.1,0.1,0.1,295.0,269.0
50,50,0.1,0.1,0.4,0.1,295.0,269.0
50,50,0.1,0.1,0.7,0.1,295.0,269.0
50,50,0.1,0.1,1,0.1,295.0,269.0
50,50,0.1,0.4,0,0.1,274.0,266.0
50,50,0.1,0.4,0.1,0.1,293.0,249.0
50,50,0.1,0.4,0.4,0.1,295.0,269.0
50,50,0.1,0.4,0.7,0.1,295.0,171.0
50,50,0.1,0.4,1,0.1,295.0,269.0
50,50,0.1,0.7,0,0.1,293.0,249.0
50,50,0.1,0.7,0.1,0.1,295.0,269.0
50,50,0.1,0.7,0.4,0.1,295.0,269.0
50,50,0.1,0.7,0.7,0.1,295.0,269.0
50,50,0.1,0.7,1,0.1,295.0,269.0
50,50,0.1,1,0,0.1,288.0,268.0
50,50,0.1,1,0.1,0.1,295.0,269.0
50,50,0.1,1,0.4,0.1,295.0,269.0
50,50,0.1,1,0.7,0.1,295.0,269.0
50,50,0.1,1,1,0.1,295.0,269.0
50,50,0.15,0,0,0.1,146.0,127.0
50,50,0.15,0,0.1,0.1,293.0,249.0
50,50,0.15,0,0.4,0.1,295.0,269.0
50,50,0.15,0,0.7,0.1,295.0,269.0
50,50,0.15,0,1,0.1,295.0,269.0
50,50,0.15,0.1,0,0.1,200.0,65.0
50,50,0.15,0.1,0.1,0.1,295.0,269.0
50,50,0.15,0.1,0.4,0.1,293.0,249.0
50,50,0.15,0.1,0.7,0.1,295.0,269.0
50,50,0.15,0.1,1,0.1,295.0,269.0
50,50,0.15,0.4,0,0.1,207.0,214.0
50,50,0.15,0.4,0.1,0.1,293.0,249.0
50,50,0.15,0.4,0.4,0.1,295.0,269.0
50,50,0.15,0.4,0.7,0.1,295.0,269.0
50,50,0.15,0.4,1,0.1,295.0,269.0
50,50,0.15,0.7,0,0.1,274.0,266.0
50,50,0.15,0.7,0.1,0.1,295.0,269.0
50,50,0.15,0.7,0.4,0.1,295.0,269.0
50,50,0.15,0.7,0.7,0.1,295.0,269.0
50,50,0.15,0.7,1,0.1,295.0,269.0
50,50,0.15,1,0,0.1,245.0,240.0
50,50,0.15,1,0.1,0.1,295.0,269.0
50,50,0.15,1,0.4,0.1,295.0,269.0
50,50,0.15,1,0.7,0.1,295.0,269.0
50,50,0.15,1,1,0.1,295.0,269.0
50,50,0.2,0,0,0.1,146.0,127.0
50,50,0.2,0,0.1,0.1,293.0,249.0
50,50,0.2,0,0.4,0.1,295.0,269.0
50,50,0.2,0,0.7,0.1,295.0,269.0
50,50,0.2,0,1,0.1,295.0,269.0
50,50,0.2,0.1,0,0.1,201.0,65.0
50,50,0.2,0.1,0.1,0.1,293.0,249.0
50,50,0.2,0.1,0.4,0.1,295.0,256.0
50,50,0.2,0.1,0.7,0.1,295.0,269.0
50,50,0.2,0.1,1,0.1,295.0,269.0
50,50,0.2,0.4,0,0.1,200.0,222.0
50,50,0.2,0.4,0.1,0.1,295.0,269.0
50,50,0.2,0.4,0.4,0.1,295.0,269.0
50,50,0.2,0.4,0.7,0.1,295.0,171.0
50,50,0.2,0.4,1,0.1,295.0,269.0
50,50,0.2,0.7,0,0.1,295.0,269.0
50,50,0.2,0.7,0.1,0.1,288.0,268.0
50,50,0.2,0.7,0.4,0.1,295.0,269.0
50,50,0.2,0.7,0.7,0.1,295.0,269.0
50,50,0.2,0.7,1,0.1,295.0,269.0
50,50,0.2,1,0,0.1,288.0,268.0
50,50,0.2,1,0.1,0.1,295.0,269.0
50,50,0.2,1,0.4,0.1,295.0,269.0
50,50,0.2,1,0.7,0.1,295.0,269.0
50,50,0.2,1,1,0.1,295.0,269.0
50,50,0.25,0,0,0.1,146.0,127.0
50,50,0.25,0,0.1,0.1,295.0,269.0
50,50,0.25,0,0.4,0.1,295.0,269.0
50,50,0.25,0,0.7,0.1,295.0,269.0
50,50,0.25,0,1,0.1,295.0,269.0
50,50,0.25,0.1,0,0.1,207.0,226.0
50,50,0.25,0.1,0.1,0.1,293.0,249.0
50,50,0.25,0.1,0.4,0.1,295.0,269.0
50,50,0.25,0.1,0.7,0.1,295.0,269.0
50,50,0.25,0.1,1,0.1,295.0,269.0
50,50,0.25,0.4,0,0.1,201.0,125.0
50,50,0.25,0.4,0.1,0.1,294.0,260.0
50,50,0.25,0.4,0.4,0.1,295.0,269.0
50,50,0.25,0.4,0.7,0.1,295.0,269.0
50,50,0.25,0.4,1,0.1,295.0,269.0
50,50,0.25,0.7,0,0.1,294.0,260.0
50,50,0.25,0.7,0.1,0.1,295.0,269.0
50,50,0.25,0.7,0.4,0.1,295.0,269.0
50,50,0.25,0.7,0.7,0.1,295.0,269.0
50,50,0.25,0.7,1,0.1,295.0,269.0
50,50,0.25,1,0,0.1,288.0,268.0
50,50,0.25,1,0.1,0.1,288.0,268.0
50,50,0.25,1,0.4,0.1,295.0,269.0
50,50,0.25,1,0.7,0.1,295.0,269.0
50,50,0.25,1,1,0.1,295.0,269.0
50,50,0.3,0,0,0.1,146.0,127.0
50,50,0.3,0,0.1,0.1,293.0,249.0
50,50,0.3,0,0.4,0.1,295.0,269.0
50,50,0.3,0,0.7,0.1,295.0,269.0
50,50,0.3,0,1,0.1,295.0,269.0
50,50,0.3,0.1,0,0.1,204.0,259.0
50,50,0.3,0.1,0.1,0.1,295.0,269.0
50,50,0.3,0.1,0.4,0.1,295.0,269.0
50,50,0.3,0.1,0.7,0.1,295.0,269.0
50,50,0.3,0.1,1,0.1,295.0,269.0
50,50,0.3,0.4,0,0.1,201.0,65.0
50,50,0.3,0.4,0.1,0.1,295.0,269.0
50,50,0.3,0.4,0.4,0.1,295.0,269.0
50,50,0.3,0.4,0.7,0.1,295.0,269.0
50,50,0.3,0.4,1,0.1,295.0,269.0
50,50,0.3,0.7,0,0.1,227.0,206.0
50,50,0.3,0.7,0.1,0.1,290.0,237.0
50,50,0.3,0.7,0.4,0.1,295.0,269.0
50,50,0.3,0.7,0.7,0.1,295.0,269.0
50,50,0.3,0.7,1,0.1,295.0,269.0
50,50,0.3,1,0,0.1,295.0,269.0
50,50,0.3,1,0.1,0.1,295.0,269.0
50,50,0.3,1,0.4,0.1,295.0,269.0
50,50,0.3,1,0.7,0.1,295.0,269.0
50,50,0.3,1,1,0.1,295.0,269.0
50,100,0.05,0,0,0.1,146.0,127.0
50,100,0.05,0,0.1,0.1,295.0,269.0
50,100,0.05,0,0.4,0.1,295.0,269.0
50,100,0.05,0,0.7,0.1,295.0,269.0
50,100,0.05,0,1,0.1,295.0,269.0
50,100,0.05,0.1,0,0.1,222.0,183.0
50,100,0.05,0.1,0.1,0.1,295.0,269.0
50,100,0.05,0.1,0.4,0.1,295.0,269.0
50,100,0.05,0.1,0.7,0.1,295.0,269.0
50,100,0.05,0.1,1,0.1,295.0,269.0
50,100,0.05,0.4,0,0.1,274.0,125.0
50,100,0.05,0.4,0.1,0.1,295.0,269.0
50,100,0.05,0.4,0.4,0.1,295.0,269.0
50,100,0.05,0.4,0.7,0.1,295.0,269.0
50,100,0.05,0.4,1,0.1,295.0,269.0
50,100,0.05,0.7,0,0.1,206.0,160.0
50,100,0.05,0.7,0.1,0.1,295.0,256.0
50,100,0.05,0.7,0.4,0.1,295.0,269.0
50,100,0.05,0.7,0.7,0.1,295.0,269.0
50,100,0.05,0.7,1,0.1,295.0,269.0
50,100,0.05,1,0,0.1,243.0,259.0
50,100,0.05,1,0.1,0.1,295.0,269.0
50,100,0.05,1,0.4,0.1,295.0,269.0
50,100,0.05,1,0.7,0.1,295.0,269.0
50,100,0.05,1,1,0.1,295.0,269.0
50,100,0.1,0,0,0.1,146.0,127.0
50,100,0.1,0,0.1,0.1,295.0,269.0
50,100,0.1,0,0.4,0.1,295.0,269.0
50,100,0.1,0,0.7,0.1,295.0,269.0
50,100,0.1,0,1,0.1,295.0,269.0
50,100,0.1,0.1,0,0.1,274.0,266.0
50,100,0.1,0.1,0.1,0.1,295.0,269.0
50,100,0.1,0.1,0.4,0.1,295.0,269.0
50,100,0.1,0.1,0.7,0.1,295.0,269.0
50,100,0.1,0.1,1,0.1,295.0,269.0
50,100,0.1,0.4,0,0.1,274.0,266.0
50,100,0.1,0.4,0.1,0.1,295.0,269.0
50,100,0.1,0.4,0.4,0.1,295.0,269.0
50,100,0.1,0.4,0.7,0.1,295.0,171.0
50,100,0.1,0.4,1,0.1,295.0,269.0
50,100,0.1,0.7,0,0.1,293.0,249.0
50,100,0.1,0.7,0.1,0.1,295.0,269.0
50,100,0.1,0.7,0.4,0.1,295.0,269.0
50,100,0.1,0.7,0.7,0.1,295.0,269.0
50,100,0.1,0.7,1,0.1,295.0,269.0
50,100,0.1,1,0,0.1,288.0,268.0
50,100,0.1,1,0.1,0.1,295.0,269.0
50,100,0.1,1,0.4,0.1,295.0,269.0
50,100,0.1,1,0.7,0.1,295.0,269.0
50,100,0.1,1,1,0.1,295.0,269.0
50,100,0.15,0,0,0.1,146.0,127.0
50,100,0.15,0,0.1,0.1,295.0,269.0
50,100,0.15,0,0.4,0.1,295.0,269.0
50,100,0.15,0,0.7,0.1,295.0,269.0
50,100,0.15,0,1,0.1,295.0,269.0
50,100,0.15,0.1,0,0.1,200.0,65.0
50,100,0.15,0.1,0.1,0.1,295.0,269.0
50,100,0.15,0.1,0.4,0.1,295.0,269.0
50,100,0.15,0.1,0.7,0.1,295.0,269.0
50,100,0.15,0.1,1,0.1,295.0,269.0
50,100,0.15,0.4,0,0.1,207.0,214.0
50,100,0.15,0.4,0.1,0.1,295.0,269.0
50,100,0.15,0.4,0.4,0.1,295.0,269.0
50,100,0.15,0.4,0.7,0.1,295.0,269.0
50,100,0.15,0.4,1,0.1,295.0,269.0
50,100,0.15,0.7,0,0.1,274.0,266.0
50,100,0.15,0.7,0.1,0.1,295.0,269.0
50,100,0.15,0.7,0.4,0.1,295.0,269.0
50,100,0.15,0.7,0.7,0.1,295.0,269.0
50,100,0.15,0.7,1,0.1,295.0,269.0
50,100,0.15,1,0,0.1,245.0,240.0
50,100,0.15,1,0.1,0.1,295.0,269.0
50,100,0.15,1,0.4,0.1,295.0,269.0
50,100,0.15,1,0.7,0.1,295.0,269.0
50,100,0.15,1,1,0.1,295.0,269.0
50,100,0.2,0,0,0.1,146.0,127.0
50,100,0.2,0,0.1,0.1,293.0,249.0
50,100,0.2,0,0.4,0.1,295.0,269.0
50,100,0.2,0,0.7,0.1,295.0,269.0
50,100,0.2,0,1,0.1,295.0,269.0
50,100,0.2,0.1,0,0.1,201.0,65.0
50,100,0.2,0.1,0.1,0.1,295.0,269.0
50,100,0.2,0.1,0.4,0.1,295.0,256.0
50,100,0.2,0.1,0.7,0.1,295.0,269.0
50,100,0.2,0.1,1,0.1,295.0,269.0
50,100,0.2,0.4,0,0.1,200.0,222.0
50,100,0.2,0.4,0.1,0.1,295.0,269.0
50,100,0.2,0.4,0.4,0.1,295.0,269.0
50,100,0.2,0.4,0.7,0.1,295.0,171.0
50,100,0.2,0.4,1,0.1,295.0,269.0
50,100,0.2,0.7,0,0.1,295.0,269.0
50,100,0.2,0.7,0.1,0.1,295.0,269.0
50,100,0.2,0.7,0.4,0.1,295.0,269.0
50,100,0.2,0.7,0.7,0.1,295.0,269.0
50,100,0.2,0.7,1,0.1,295.0,269.0
50,100,0.2,1,0,0.1,288.0,268.0
50,100,0.2,1,0.1,0.1,295.0,269.0
50,100,0.2,1,0.4,0.1,295.0,269.0
50,100,0.2,1,0.7,0.1,295.0,269.0
50,100,0.2,1,1,0.1,295.0,269.0
50,100,0.25,0,0,0.1,146.0,127.0
50,100,0.25,0,0.1,0.1,295.0,269.0
50,100,0.25,0,0.4,0.1,295.0,269.0
50,100,0.25,0,0.7,0.1,295.0,269.0
50,100,0.25,0,1,0.1,295.0,269.0
50,100,0.25,0.1,0,0.1,207.0,226.0
50,100,0.25,0.1,0.1,0.1,295.0,269.0
50,100,0.25,0.1,0.4,0.1,295.0,269.0
50,100,0.25,0.1,0.7,0.1,295.0,269.0
50,100,0.25,0.1,1,0.1,295.0,269.0
50,100,0.25,0.4,0,0.1,201.0,125.0
50,100,0.25,0.4,0.1,0.1,294.0,260.0
50,100,0.25,0.4,0.4,0.1,295.0,269.0
50,100,0.25,0.4,0.7,0.1,295.0,269.0
50,100,0.25,0.4,1,0.1,295.0,269.0
50,100,0.25,0.7,0,0.1,294.0,260.0
50,100,0.25,0.7,0.1,0.1,295.0,269.0
50,100,0.25,0.7,0.4,0.1,295.0,269.0
50,100,0.25,0.7,0.7,0.1,295.0,269.0
50,100,0.25,0.7,1,0.1,295.0,269.0
50,100,0.25,1,0,0.1,288.0,268.0
50,100,0.25,1,0.1,0.1,295.0,269.0
50,100,0.25,1,0.4,0.1,295.0,269.0
50,100,0.25,1,0.7,0.1,295.0,269.0
50,100,0.25,1,1,0.1,295.0,269.0
50,100,0.3,0,0,0.1,146.0,127.0
50,100,0.3,0,0.1,0.1,295.0,269.0
50,100,0.3,0,0.4,0.1,295.0,269.0
50,100,0.3,0,0.7,0.1,295.0,269.0
50,100,0.3,0,1,0.1,295.0,269.0
50,100,0.3,0.1,0,0.1,204.0,259.0
50,100,0.3,0.1,0.1,0.1,295.0,269.0
50,100,0.3,0.1,0.4,0.1,295.0,269.0
50,100,0.3,0.1,0.7,0.1,295.0,269.0
50,100,0.3,0.1,1,0.1,295.0,269.0
50,100,0.3,0.4,0,0.1,201.0,65.0
50,100,0.3,0.4,0.1,0.1,295.0,269.0
50,100,0.3,0.4,0.4,0.1,295.0,269.0
50,100,0.3,0.4,0.7,0.1,295.0,269.0
50,100,0.3,0.4,1,0.1,295.0,269.0
50,100,0.3,0.7,0,0.1,227.0,206.0
50,100,0.3,0.7,0.1,0.1,295.0,269.0
50,100,0.3,0.7,0.4,0.1,295.0,269.0
50,100,0.3,0.7,0.7,0.1,295.0,269.0
50,100,0.3,0.7,1,0.1,295.0,269.0
50,100,0.3,1,0,0.1,295.0,269.0
50,100,0.3,1,0.1,0.1,295.0,269.0
50,100,0.3,1,0.4,0.1,295.0,269.0
50,100,0.3,1,0.7,0.1,295.0,269.0
50,100,0.3,1,1,0.1,295.0,269.0
50,120,0.05,0,0,0.1,146.0,127.0
50,120,0.05,0,0.1,0.1,295.0,269.0
50,120,0.05,0,0.4,0.1,295.0,269.0
50,120,0.05,0,0.7,0.1,295.0,269.0
50,120,0.05,0,1,0.1,295.0,269.0
50,120,0.05,0.1,0,0.1,222.0,183.0
50,120,0.05,0.1,0.1,0.1,295.0,269.0
50,120,0.05,0.1,0.4,0.1,295.0,269.0
50,120,0.05,0.1,0.7,0.1,295.0,269.0
50,120,0.05,0.1,1,0.1,295.0,269.0
50,120,0.05,0.4,0,0.1,274.0,125.0
50,120,0.05,0.4,0.1,0.1,295.0,269.0
50,120,0.05,0.4,0.4,0.1,295.0,269.0
50,120,0.05,0.4,0.7,0.1,295.0,269.0
50,120,0.05,0.4,1,0.1,295.0,269.0
50,120,0.05,0.7,0,0.1,206.0,160.0
50,120,0.05,0.7,0.1,0.1,295.0,256.0
50,120,0.05,0.7,0.4,0.1,295.0,269.0
50,120,0.05,0.7,0.7,0.1,295.0,269.0
50,120,0.05,0.7,1,0.1,295.0,269.0
50,120,0.05,1,0,0.1,243.0,259.0
50,120,0.05,1,0.1,0.1,295.0,269.0
50,120,0.05,1,0.4,0.1,295.0,269.0
50,120,0.05,1,0.7,0.1,295.0,269.0
50,120,0.05,1,1,0.1,295.0,269.0
50,120,0.1,0,0,0.1,146.0,127.0
50,120,0.1,0,0.1,0.1,295.0,269.0
50,120,0.1,0,0.4,0.1,295.0,269.0
50,120,0.1,0,0.7,0.1,295.0,269.0
50,120,0.1,0,1,0.1,295.0,269.0
50,120,0.1,0.1,0,0.1,274.0,266.0
50,120,0.1,0.1,0.1,0.1,295.0,269.0
50,120,0.1,0.1,0.4,0.1,295.0,269.0
50,120,0.1,0.1,0.7,0.1,295.0,269.0
50,120,0.1,0.1,1,0.1,295.0,269.0
50,120,0.1,0.4,0,0.1,274.0,266.0
50,120,0.1,0.4,0.1,0.1,295.0,269.0
50,120,0.1,0.4,0.4,0.1,295.0,269.0
50,120,0.1,0.4,0.7,0.1,295.0,171.0
50,120,0.1,0.4,1,0.1,295.0,269.0
50,120,0.1,0.7,0,0.1,293.0,249.0
50,120,0.1,0.7,0.1,0.1,295.0,269.0
50,120,0.1,0.7,0.4,0.1,295.0,269.0
50,120,0.1,0.7,0.7,0.1,295.0,269.0
50,120,0.1,0.7,1,0.1,295.0,269.0
50,120,0.1,1,0,0.1,288.0,268.0
50,120,0.1,1,0.1,0.1,295.0,269.0
50,120,0.1,1,0.4,0.1,295.0,269.0
50,120,0.1,1,0.7,0.1,295.0,269.0
50,120,0.1,1,1,0.1,295.0,269.0
50,120,0.15,0,0,0.1,146.0,127.0
50,120,0.15,0,0.1,0.1,295.0,269.0
50,120,0.15,0,0.4,0.1,295.0,269.0
50,120,0.15,0,0.7,0.1,295.0,269.0
50,120,0.15,0,1,0.1,295.0,269.0
50,120,0.15,0.1,0,0.1,200.0,65.0
50,120,0.15,0.1,0.1,0.1,295.0,269.0
50,120,0.15,0.1,0.4,0.1,295.0,269.0
50,120,0.15,0.1,0.7,0.1,295.0,269.0
50,120,0.15,0.1,1,0.1,295.0,269.0
50,120,0.15,0.4,0,0.1,207.0,214.0
50,120,0.15,0.4,0.1,0.1,295.0,269.0
50,120,0.15,0.4,0.4,0.1,295.0,269.0
50,120,0.15,0.4,0.7,0.1,295.0,269.0
50,120,0.15,0.4,1,0.1,295.0,269.0
50,120,0.15,0.7,0,0.1,274.0,266.0
50,120,0.15,0.7,0.1,0.1,295.0,269.0
50,120,0.15,0.7,0.4,0.1,295.0,269.0
50,120,0.15,0.7,0.7,0.1,295.0,269.0
50,120,0.15,0.7,1,0.1,295.0,269.0
50,120,0.15,1,0,0.1,245.0,240.0
50,120,0.15,1,0.1,0.1,295.0,269.0
50,120,0.15,1,0.4,0.1,295.0,269.0
50,120,0.15,1,0.7,0.1,295.0,269.0
50,120,0.15,1,1,0.1,295.0,269.0
50,120,0.2,0,0,0.1,146.0,127.0
50,120,0.2,0,0.1,0.1,294.0,260.0
50,120,0.2,0,0.4,0.1,295.0,269.0
50,120,0.2,0,0.7,0.1,295.0,269.0
50,120,0.2,0,1,0.1,295.0,269.0
50,120,0.2,0.1,0,0.1,201.0,65.0
50,120,0.2,0.1,0.1,0.1,295.0,269.0
50,120,0.2,0.1,0.4,0.1,295.0,256.0
50,120,0.2,0.1,0.7,0.1,295.0,269.0
50,120,0.2,0.1,1,0.1,295.0,269.0
50,120,0.2,0.4,0,0.1,200.0,222.0
50,120,0.2,0.4,0.1,0.1,295.0,269.0
50,120,0.2,0.4,0.4,0.1,295.0,269.0
50,120,0.2,0.4,0.7,0.1,295.0,171.0
50,120,0.2,0.4,1,0.1,295.0,269.0
50,120,0.2,0.7,0,0.1,295.0,269.0
50,120,0.2,0.7,0.1,0.1,295.0,269.0
50,120,0.2,0.7,0.4,0.1,295.0,269.0
50,120,0.2,0.7,0.7,0.1,295.0,269.0
50,120,0.2,0.7,1,0.1,295.0,269.0
50,120,0.2,1,0,0.1,288.0,268.0
50,120,0.2,1,0.1,0.1,295.0,269.0
50,120,0.2,1,0.4,0.1,295.0,269.0
50,120,0.2,1,0.7,0.1,295.0,269.0
50,120,0.2,1,1,0.1,295.0,269.0
50,120,0.25,0,0,0.1,146.0,127.0
50,120,0.25,0,0.1,0.1,295.0,269.0
50,120,0.25,0,0.4,0.1,295.0,269.0
50,120,0.25,0,0.7,0.1,295.0,269.0
50,120,0.25,0,1,0.1,295.0,269.0
50,120,0.25,0.1,0,0.1,207.0,226.0
50,120,0.25,0.1,0.1,0.1,295.0,269.0
50,120,0.25,0.1,0.4,0.1,295.0,269.0
50,120,0.25,0.1,0.7,0.1,295.0,269.0
50,120,0.25,0.1,1,0.1,295.0,269.0
50,120,0.25,0.4,0,0.1,201.0,125.0
50,120,0.25,0.4,0.1,0.1,295.0,269.0
50,120,0.25,0.4,0.4,0.1,295.0,269.0
50,120,0.25,0.4,0.7,0.1,295.0,269.0
50,120,0.25,0.4,1,0.1,295.0,269.0
50,120,0.25,0.7,0,0.1,294.0,260.0
50,120,0.25,0.7,0.1,0.1,295.0,269.0
50,120,0.25,0.7,0.4,0.1,295.0,269.0
50,120,0.25,0.7,0.7,0.1,295.0,269.0
50,120,0.25,0.7,1,0.1,295.0,269.0
50,120,0.25,1,0,0.1,288.0,268.0
50,120,0.25,1,0.1,0.1,295.0,269.0
50,120,0.25,1,0.4,0.1,295.0,269.0
50,120,0.25,1,0.7,0.1,295.0,269.0
50,120,0.25,1,1,0.1,295.0,269.0
50,120,0.3,0,0,0.1,146.0,127.0
50,120,0.3,0,0.1,0.1,295.0,269.0
50,120,0.3,0,0.4,0.1,295.0,269.0
50,120,0.3,0,0.7,0.1,295.0,269.0
50,120,0.3,0,1,0.1,295.0,269.0
50,120,0.3,0.1,0,0.1,204.0,259.0
50,120,0.3,0.1,0.1,0.1,295.0,269.0
50,120,0.3,0.1,0.4,0.1,295.0,269.0
50,120,0.3,0.1,0.7,0.1,295.0,269.0
50,120,0.3,0.1,1,0.1,295.0,269.0
50,120,0.3,0.4,0,0.1,201.0,65.0
50,120,0.3,0.4,0.1,0.1,295.0,269.0
50,120,0.3,0.4,0.4,0.1,295.0,269.0
50,120,0.3,0.4,0.7,0.1,295.0,269.0
50,120,0.3,0.4,1,0.1,295.0,269.0
50,120,0.3,0.7,0,0.1,227.0,206.0
50,120,0.3,0.7,0.1,0.1,295.0,269.0
50,120,0.3,0.7,0.4,0.1,295.0,269.0
50,120,0.3,0.7,0.7,0.1,295.0,269.0
50,120,0.3,0.7,1,0.1,295.0,269.0
50,120,0.3,1,0,0.1,295.0,269.0
50,120,0.3,1,0.1,0.1,295.0,269.0
50,120,0.3,1,0.4,0.1,295.0,269.0
50,120,0.3,1,0.7,0.1,295.0,269.0
50,120,0.3,1,1,0.1,295.0,269.0
100,10,0.05,0,0,0.1,227.0,206.0
100,10,0.05,0,0.1,0.1,287.0,268.0
100,10,0.05,0,0.4,0.1,290.0,237.0
100,10,0.05,0,0.7,0.1,294.0,260.0
100,10,0.05,0,1,0.1,295.0,269.0
100,10,0.05,0.1,0,0.1,274.0,266.0
100,10,0.05,0.1,0.1,0.1,295.0,269.0
100,10,0.05,0.1,0.4,0.1,295.0,269.0
100,10,0.05,0.1,0.7,0.1,295.0,269.0
100,10,0.05,0.1,1,0.1,295.0,269.0
100,10,0.05,0.4,0,0.1,274.0,266.0
100,10,0.05,0.4,0.1,0.1,295.0,269.0
100,10,0.05,0.4,0.4,0.1,294.0,260.0
100,10,0.05,0.4,0.7,0.1,295.0,269.0
100,10,0.05,0.4,1,0.1,295.0,269.0
100,10,0.05,0.7,0,0.1,288.0,268.0
100,10,0.05,0.7,0.1,0.1,295.0,269.0
100,10,0.05,0.7,0.4,0.1,295.0,269.0
100,10,0.05,0.7,0.7,0.1,295.0,269.0
100,10,0.05,0.7,1,0.1,293.0,249.0
100,10,0.05,1,0,0.1,285.0,265.0
100,10,0.05,1,0.1,0.1,293.0,249.0
100,10,0.05,1,0.4,0.1,295.0,269.0
100,10,0.05,1,0.7,0.1,293.0,249.0
100,10,0.05,1,1,0.1,294.0,260.0
100,10,0.1,0,0,0.1,227.0,206.0
100,10,0.1,0,0.1,0.1,287.0,268.0
100,10,0.1,0,0.4,0.1,295.0,269.0
100,10,0.1,0,0.7,0.1,295.0,269.0
100,10,0.1,0,1,0.1,294.0,260.0
100,10,0.1,0.1,0,0.1,274.0,266.0
100,10,0.1,0.1,0.1,0.1,290.0,237.0
100,10,0.1,0.1,0.4,0.1,288.0,268.0
100,10,0.1,0.1,0.7,0.1,295.0,269.0
100,10,0.1,0.1,1,0.1,295.0,269.0
100,10,0.1,0.4,0,0.1,274.0,266.0
100,10,0.1,0.4,0.1,0.1,288.0,268.0
100,10,0.1,0.4,0.4,0.1,295.0,269.0
100,10,0.1,0.4,0.7,0.1,295.0,269.0
100,10,0.1,0.4,1,0.1,295.0,269.0
100,10,0.1,0.7,0,0.1,295.0,269.0
100,10,0.1,0.7,0.1,0.1,294.0,260.0
100,10,0.1,0.7,0.4,0.1,295.0,269.0
100,10,0.1,0.7,0.7,0.1,295.0,173.0
100,10,0.1,0.7,1,0.1,295.0,269.0
100,10,0.1,1,0,0.1,293.0,175.0
100,10,0.1,1,0.1,0.1,295.0,269.0
100,10,0.1,1,0.4,0.1,295.0,269.0
100,10,0.1,1,0.7,0.1,295.0,269.0
100,10,0.1,1,1,0.1,295.0,269.0
100,10,0.15,0,0,0.1,227.0,206.0
100,10,0.15,0,0.1,0.1,284.0,256.0
100,10,0.15,0,0.4,0.1,295.0,269.0
100,10,0.15,0,0.7,0.1,295.0,269.0
100,10,0.15,0,1,0.1,295.0,269.0
100,10,0.15,0.1,0,0.1,274.0,266.0
100,10,0.15,0.1,0.1,0.1,290.0,237.0
100,10,0.15,0.1,0.4,0.1,295.0,269.0
100,10,0.15,0.1,0.7,0.1,295.0,269.0
100,10,0.15,0.1,1,0.1,295.0,269.0
100,10,0.15,0.4,0,0.1,295.0,194.0
100,10,0.15,0.4,0.1,0.1,288.0,268.0
100,10,0.15,0.4,0.4,0.1,295.0,134.0
100,10,0.15,0.4,0.7,0.1,295.0,269.0
100,10,0.15,0.4,1,0.1,295.0,269.0
100,10,0.15,0.7,0,0.1,274.0,266.0
100,10,0.15,0.7,0.1,0.1,295.0,272.0
100,10,0.15,0.7,0.4,0.1,295.0,269.0
100,10,0.15,0.7,0.7,0.1,294.0,260.0
100,10,0.15,0.7,1,0.1,295.0,269.0
100,10,0.15,1,0,0.1,288.0,268.0
100,10,0.15,1,0.1,0.1,295.0,269.0
100,10,0.15,1,0.4,0.1,295.0,269.0
100,10,0.15,1,0.7,0.1,295.0,269.0
100,10,0.15,1,1,0.1,295.0,269.0
100,10,0.2,0,0,0.1,227.0,206.0
100,10,0.2,0,0.1,0.1,294.0,260.0
100,10,0.2,0,0.4,0.1,295.0,269.0
100,10,0.2,0,0.7,0.1,293.0,249.0
100,10,0.2,0,1,0.1,295.0,269.0
100,10,0.2,0.1,0,0.1,274.0,266.0
100,10,0.2,0.1,0.1,0.1,294.0,260.0
100,10,0.2,0.1,0.4,0.1,295.0,269.0
100,10,0.2,0.1,0.7,0.1,290.0,237.0
100,10,0.2,0.1,1,0.1,293.0,249.0
100,10,0.2,0.4,0,0.1,274.0,266.0
100,10,0.2,0.4,0.1,0.1,288.0,268.0
100,10,0.2,0.4,0.4,0.1,295.0,269.0
100,10,0.2,0.4,0.7,0.1,295.0,269.0
100,10,0.2,0.4,1,0.1,294.0,260.0
100,10,0.2,0.7,0,0.1,295.0,134.0
100,10,0.2,0.7,0.1,0.1,283.0,245.0
100,10,0.2,0.7,0.4,0.1,293.0,249.0
100,10,0.2,0.7,0.7,0.1,295.0,171.0
100,10,0.2,0.7,1,0.1,295.0,269.0
100,10,0.2,1,0,0.1,295.0,269.0
100,10,0.2,1,0.1,0.1,287.0,268.0
100,10,0.2,1,0.4,0.1,295.0,269.0
100,10,0.2,1,0.7,0.1,295.0,269.0
100,10,0.2,1,1,0.1,295.0,269.0
100,10,0.25,0,0,0.1,227.0,206.0
100,10,0.25,0,0.1,0.1,288.0,268.0
100,10,0.25,0,0.4,0.1,295.0,269.0
100,10,0.25,0,0.7,0.1,294.0,260.0
100,10,0.25,0,1,0.1,295.0,269.0
100,10,0.25,0.1,0,0.1,274.0,266.0
100,10,0.25,0.1,0.1,0.1,285.0,265.0
100,10,0.25,0.1,0.4,0.1,295.0,269.0
100,10,0.25,0.1,0.7,0.1,295.0,269.0
100,10,0.25,0.1,1,0.1,295.0,269.0
100,10,0.25,0.4,0,0.1,274.0,266.0
100,10,0.25,0.4,0.1,0.1,295.0,269.0
100,10,0.25,0.4,0.4,0.1,295.0,269.0
100,10,0.25,0.4,0.7,0.1,295.0,269.0
100,10,0.25,0.4,1,0.1,295.0,269.0
100,10,0.25,0.7,0,0.1,274.0,266.0
100,10,0.25,0.7,0.1,0.1,288.0,243.0
100,10,0.25,0.7,0.4,0.1,295.0,269.0
100,10,0.25,0.7,0.7,0.1,295.0,269.0
100,10,0.25,0.7,1,0.1,295.0,269.0
100,10,0.25,1,0,0.1,274.0,266.0
100,10,0.25,1,0.1,0.1,288.0,268.0
100,10,0.25,1,0.4,0.1,295.0,269.0
100,10,0.25,1,0.7,0.1,295.0,269.0
100,10,0.25,1,1,0.1,295.0,269.0
100,10,0.3,0,0,0.1,227.0,206.0
100,10,0.3,0,0.1,0.1,288.0,268.0
100,10,0.3,0,0.4,0.1,288.0,268.0
100,10,0.3,0,0.7,0.1,295.0,269.0
100,10,0.3,0,1,0.1,293.0,249.0
100,10,0.3,0.1,0,0.1,274.0,266.0
100,10,0.3,0.1,0.1,0.1,295.0,269.0
100,10,0.3,0.1,0.4,0.1,294.0,260.0
100,10,0.3,0.1,0.7,0.1,288.0,268.0
100,10,0.3,0.1,1,0.1,295.0,269.0
100,10,0.3,0.4,0,0.1,274.0,266.0
100,10,0.3,0.4,0.1,0.1,295.0,198.0
100,10,0.3,0.4,0.4,0.1,295.0,269.0
100,10,0.3,0.4,0.7,0.1,295.0,269.0
100,10,0.3,0.4,1,0.1,294.0,260.0
100,10,0.3,0.7,0,0.1,274.0,266.0
100,10,0.3,0.7,0.1,0.1,290.0,237.0
100,10,0.3,0.7,0.4,0.1,294.0,260.0
100,10,0.3,0.7,0.7,0.1,295.0,269.0
100,10,0.3,0.7,1,0.1,295.0,269.0
100,10,0.3,1,0,0.1,274.0,266.0
100,10,0.3,1,0.1,0.1,295.0,269.0
100,10,0.3,1,0.4,0.1,295.0,269.0
100,10,0.3,1,0.7,0.1,295.0,269.0
100,10,0.3,1,1,0.1,295.0,269.0
100,50,0.05,0,0,0.1,227.0,206.0
100,50,0.05,0,0.1,0.1,294.0,260.0
100,50,0.05,0,0.4,0.1,295.0,269.0
100,50,0.05,0,0.7,0.1,295.0,269.0
100,50,0.05,0,1,0.1,295.0,269.0
100,50,0.05,0.1,0,0.1,274.0,266.0
100,50,0.05,0.1,0.1,0.1,295.0,269.0
100,50,0.05,0.1,0.4,0.1,295.0,269.0
100,50,0.05,0.1,0.7,0.1,295.0,269.0
100,50,0.05,0.1,1,0.1,295.0,269.0
100,50,0.05,0.4,0,0.1,274.0,266.0
100,50,0.05,0.4,0.1,0.1,295.0,269.0
100,50,0.05,0.4,0.4,0.1,295.0,269.0
100,50,0.05,0.4,0.7,0.1,295.0,269.0
100,50,0.05,0.4,1,0.1,295.0,269.0
100,50,0.05,0.7,0,0.1,288.0,268.0
100,50,0.05,0.7,0.1,0.1,295.0,269.0
100,50,0.05,0.7,0.4,0.1,295.0,269.0
100,50,0.05,0.7,0.7,0.1,295.0,269.0
100,50,0.05,0.7,1,0.1,295.0,269.0
100,50,0.05,1,0,0.1,288.0,268.0
100,50,0.05,1,0.1,0.1,295.0,269.0
100,50,0.05,1,0.4,0.1,295.0,269.0
100,50,0.05,1,0.7,0.1,295.0,269.0
100,50,0.05,1,1,0.1,295.0,269.0
100,50,0.1,0,0,0.1,227.0,206.0
100,50,0.1,0,0.1,0.1,295.0,269.0
100,50,0.1,0,0.4,0.1,295.0,269.0
100,50,0.1,0,0.7,0.1,295.0,269.0
100,50,0.1,0,1,0.1,295.0,269.0
100,50,0.1,0.1,0,0.1,274.0,266.0
100,50,0.1,0.1,0.1,0.1,295.0,269.0
100,50,0.1,0.1,0.4,0.1,295.0,269.0
100,50,0.1,0.1,0.7,0.1,295.0,269.0
100,50,0.1,0.1,1,0.1,295.0,269.0
100,50,0.1,0.4,0,0.1,274.0,266.0
100,50,0.1,0.4,0.1,0.1,295.0,269.0
100,50,0.1,0.4,0.4,0.1,295.0,269.0
100,50,0.1,0.4,0.7,0.1,295.0,269.0
100,50,0.1,0.4,1,0.1,295.0,269.0
100,50,0.1,0.7,0,0.1,295.0,269.0
100,50,0.1,0.7,0.1,0.1,295.0,269.0
100,50,0.1,0.7,0.4,0.1,295.0,269.0
100,50,0.1,0.7,0.7,0.1,295.0,173.0
100,50,0.1,0.7,1,0.1,295.0,269.0
100,50,0.1,1,0,0.1,293.0,175.0
100,50,0.1,1,0.1,0.1,295.0,269.0
100,50,0.1,1,0.4,0.1,295.0,269.0
100,50,0.1,1,0.7,0.1,295.0,269.0
100,50,0.1,1,1,0.1,295.0,269.0
100,50,0.15,0,0,0.1,227.0,206.0
100,50,0.15,0,0.1,0.1,295.0,269.0
100,50,0.15,0,0.4,0.1,295.0,269.0
100,50,0.15,0,0.7,0.1,295.0,269.0
100,50,0.15,0,1,0.1,295.0,269.0
100,50,0.15,0.1,0,0.1,274.0,266.0
100,50,0.15,0.1,0.1,0.1,295.0,269.0
100,50,0.15,0.1,0.4,0.1,295.0,269.0
100,50,0.15,0.1,0.7,0.1,295.0,269.0
100,50,0.15,0.1,1,0.1,295.0,269.0
100,50,0.15,0.4,0,0.1,295.0,194.0
100,50,0.15,0.4,0.1,0.1,295.0,269.0
100,50,0.15,0.4,0.4,0.1,295.0,134.0
100,50,0.15,0.4,0.7,0.1,295.0,269.0
100,50,0.15,0.4,1,0.1,295.0,269.0
100,50,0.15,0.7,0,0.1,274.0,266.0
100,50,0.15,0.7,0.1,0.1,295.0,272.0
100,50,0.15,0.7,0.4,0.1,295.0,269.0
100,50,0.15,0.7,0.7,0.1,295.0,269.0
100,50,0.15,0.7,1,0.1,295.0,269.0
100,50,0.15,1,0,0.1,293.0,205.0
100,50,0.15,1,0.1,0.1,295.0,269.0
100,50,0.15,1,0.4,0.1,295.0,269.0
100,50,0.15,1,0.7,0.1,295.0,269.0
100,50,0.15,1,1,0.1,295.0,269.0
100,50,0.2,0,0,0.1,227.0,206.0
100,50,0.2,0,0.1,0.1,295.0,269.0
100,50,0.2,0,0.4,0.1,295.0,269.0
100,50,0.2,0,0.7,0.1,295.0,269.0
100,50,0.2,0,1,0.1,295.0,269.0
100,50,0.2,0.1,0,0.1,274.0,266.0
100,50,0.2,0.1,0.1,0.1,295.0,269.0
100,50,0.2,0.1,0.4,0.1,295.0,269.0
100,50,0.2,0.1,0.7,0.1,295.0,269.0
100,50,0.2,0.1,1,0.1,295.0,269.0
100,50,0.2,0.4,0,0.1,274.0,266.0
100,50,0.2,0.4,0.1,0.1,295.0,269.0
100,50,0.2,0.4,0.4,0.1,295.0,269.0
100,50,0.2,0.4,0.7,0.1,295.0,269.0
100,50,0.2,0.4,1,0.1,295.0,269.0
100,50,0.2,0.7,0,0.1,295.0,134.0
100,50,0.2,0.7,0.1,0.1,295.0,269.0
100,50,0.2,0.7,0.4,0.1,295.0,269.0
100,50,0.2,0.7,0.7,0.1,295.0,171.0
100,50,0.2,0.7,1,0.1,295.0,269.0
100,50,0.2,1,0,0.1,295.0,269.0
100,50,0.2,1,0.1,0.1,295.0,269.0
100,50,0.2,1,0.4,0.1,295.0,269.0
100,50,0.2,1,0.7,0.1,295.0,269.0
100,50,0.2,1,1,0.1,295.0,269.0
100,50,0.25,0,0,0.1,227.0,206.0
100,50,0.25,0,0.1,0.1,295.0,269.0
100,50,0.25,0,0.4,0.1,295.0,269.0
100,50,0.25,0,0.7,0.1,295.0,269.0
100,50,0.25,0,1,0.1,295.0,269.0
100,50,0.25,0.1,0,0.1,274.0,266.0
100,50,0.25,0.1,0.1,0.1,295.0,269.0
100,50,0.25,0.1,0.4,0.1,295.0,269.0
100,50,0.25,0.1,0.7,0.1,295.0,269.0
100,50,0.25,0.1,1,0.1,295.0,269.0
100,50,0.25,0.4,0,0.1,274.0,266.0
100,50,0.25,0.4,0.1,0.1,295.0,269.0
100,50,0.25,0.4,0.4,0.1,295.0,269.0
100,50,0.25,0.4,0.7,0.1,295.0,269.0
100,50,0.25,0.4,1,0.1,295.0,269.0
100,50,0.25,0.7,0,0.1,274.0,266.0
100,50,0.25,0.7,0.1,0.1,295.0,269.0
100,50,0.25,0.7,0.4,0.1,295.0,269.0
100,50,0.25,0.7,0.7,0.1,295.0,269.0
100,50,0.25,0.7,1,0.1,295.0,269.0
100,50,0.25,1,0,0.1,274.0,266.0
100,50,0.25,1,0.1,0.1,288.0,268.0
100,50,0.25,1,0.4,0.1,295.0,269.0
100,50,0.25,1,0.7,0.1,295.0,269.0
100,50,0.25,1,1,0.1,295.0,269.0
100,50,0.3,0,0,0.1,227.0,206.0
100,50,0.3,0,0.1,0.1,295.0,269.0
100,50,0.3,0,0.4,0.1,295.0,269.0
100,50,0.3,0,0.7,0.1,295.0,269.0
100,50,0.3,0,1,0.1,295.0,269.0
100,50,0.3,0.1,0,0.1,274.0,266.0
100,50,0.3,0.1,0.1,0.1,295.0,269.0
100,50,0.3,0.1,0.4,0.1,295.0,269.0
100,50,0.3,0.1,0.7,0.1,295.0,196.0
100,50,0.3,0.1,1,0.1,295.0,269.0
100,50,0.3,0.4,0,0.1,274.0,266.0
100,50,0.3,0.4,0.1,0.1,295.0,198.0
100,50,0.3,0.4,0.4,0.1,295.0,269.0
100,50,0.3,0.4,0.7,0.1,295.0,269.0
100,50,0.3,0.4,1,0.1,295.0,269.0
100,50,0.3,0.7,0,0.1,288.0,243.0
100,50,0.3,0.7,0.1,0.1,295.0,269.0
100,50,0.3,0.7,0.4,0.1,295.0,269.0
100,50,0.3,0.7,0.7,0.1,295.0,269.0
100,50,0.3,0.7,1,0.1,295.0,269.0
100,50,0.3,1,0,0.1,274.0,266.0
100,50,0.3,1,0.1,0.1,295.0,269.0
100,50,0.3,1,0.4,0.1,295.0,269.0
100,50,0.3,1,0.7,0.1,295.0,269.0
100,50,0.3,1,1,0.1,295.0,269.0
100,100,0.05,0,0,0.1,227.0,206.0
100,100,0.05,0,0.1,0.1,295.0,269.0
100,100,0.05,0,0.4,0.1,295.0,269.0
100,100,0.05,0,0.7,0.1,295.0,269.0
100,100,0.05,0,1,0.1,295.0,269.0
100,100,0.05,0.1,0,0.1,274.0,266.0
100,100,0.05,0.1,0.1,0.1,295.0,269.0
100,100,0.05,0.1,0.4,0.1,295.0,269.0
100,100,0.05,0.1,0.7,0.1,295.0,269.0
100,100,0.05,0.1,1,0.1,295.0,269.0
100,100,0.05,0.4,0,0.1,274.0,266.0
100,100,0.05,0.4,0.1,0.1,295.0,269.0
100,100,0.05,0.4,0.4,0.1,295.0,269.0
100,100,0.05,0.4,0.7,0.1,295.0,269.0
100,100,0.05,0.4,1,0.1,295.0,269.0
100,100,0.05,0.7,0,0.1,288.0,268.0
100,100,0.05,0.7,0.1,0.1,295.0,269.0
100,100,0.05,0.7,0.4,0.1,295.0,269.0
100,100,0.05,0.7,0.7,0.1,295.0,269.0
100,100,0.05,0.7,1,0.1,295.0,269.0
100,100,0.05,1,0,0.1,288.0,268.0
100,100,0.05,1,0.1,0.1,295.0,269.0
100,100,0.05,1,0.4,0.1,295.0,269.0
100,100,0.05,1,0.7,0.1,295.0,269.0
100,100,0.05,1,1,0.1,295.0,269.0
100,100,0.1,0,0,0.1,227.0,206.0
100,100,0.1,0,0.1,0.1,295.0,269.0
100,100,0.1,0,0.4,0.1,295.0,269.0
100,100,0.1,0,0.7,0.1,295.0,269.0
100,100,0.1,0,1,0.1,295.0,269.0
100,100,0.1,0.1,0,0.1,274.0,266.0
100,100,0.1,0.1,0.1,0.1,295.0,269.0
100,100,0.1,0.1,0.4,0.1,295.0,269.0
100,100,0.1,0.1,0.7,0.1,295.0,269.0
100,100,0.1,0.1,1,0.1,295.0,269.0
100,100,0.1,0.4,0,0.1,274.0,266.0
100,100,0.1,0.4,0.1,0.1,295.0,269.0
100,100,0.1,0.4,0.4,0.1,295.0,269.0
100,100,0.1,0.4,0.7,0.1,295.0,269.0
100,100,0.1,0.4,1,0.1,295.0,269.0
100,100,0.1,0.7,0,0.1,295.0,269.0
100,100,0.1,0.7,0.1,0.1,295.0,269.0
100,100,0.1,0.7,0.4,0.1,295.0,269.0
100,100,0.1,0.7,0.7,0.1,295.0,173.0
100,100,0.1,0.7,1,0.1,295.0,269.0
100,100,0.1,1,0,0.1,293.0,175.0
100,100,0.1,1,0.1,0.1,295.0,269.0
100,100,0.1,1,0.4,0.1,295.0,269.0
100,100,0.1,1,0.7,0.1,295.0,269.0
100,100,0.1,1,1,0.1,295.0,269.0
100,100,0.15,0,0,0.1,227.0,206.0
100,100,0.15,0,0.1,0.1,295.0,269.0
100,100,0.15,0,0.4,0.1,295.0,269.0
100,100,0.15,0,0.7,0.1,295.0,269.0
100,100,0.15,0,1,0.1,295.0,269.0
100,100,0.15,0.1,0,0.1,274.0,266.0
100,100,0.15,0.1,0.1,0.1,295.0,269.0
100,100,0.15,0.1,0.4,0.1,295.0,269.0
100,100,0.15,0.1,0.7,0.1,295.0,269.0
100,100,0.15,0.1,1,0.1,295.0,269.0
100,100,0.15,0.4,0,0.1,295.0,194.0
100,100,0.15,0.4,0.1,0.1,295.0,269.0
100,100,0.15,0.4,0.4,0.1,295.0,134.0
100,100,0.15,0.4,0.7,0.1,295.0,269.0
100,100,0.15,0.4,1,0.1,295.0,269.0
100,100,0.15,0.7,0,0.1,274.0,266.0
100,100,0.15,0.7,0.1,0.1,295.0,272.0
100,100,0.15,0.7,0.4,0.1,295.0,269.0
100,100,0.15,0.7,0.7,0.1,295.0,269.0
100,100,0.15,0.7,1,0.1,295.0,269.0
100,100,0.15,1,0,0.1,293.0,205.0
100,100,0.15,1,0.1,0.1,295.0,269.0
100,100,0.15,1,0.4,0.1,295.0,269.0
100,100,0.15,1,0.7,0.1,295.0,269.0
100,100,0.15,1,1,0.1,295.0,269.0
100,100,0.2,0,0,0.1,227.0,206.0
100,100,0.2,0,0.1,0.1,295.0,269.0
100,100,0.2,0,0.4,0.1,295.0,269.0
100,100,0.2,0,0.7,0.1,295.0,269.0
100,100,0.2,0,1,0.1,295.0,269.0
100,100,0.2,0.1,0,0.1,274.0,266.0
100,100,0.2,0.1,0.1,0.1,295.0,269.0
100,100,0.2,0.1,0.4,0.1,295.0,269.0
100,100,0.2,0.1,0.7,0.1,295.0,269.0
100,100,0.2,0.1,1,0.1,295.0,269.0
100,100,0.2,0.4,0,0.1,274.0,266.0
100,100,0.2,0.4,0.1,0.1,295.0,269.0
100,100,0.2,0.4,0.4,0.1,295.0,269.0
100,100,0.2,0.4,0.7,0.1,295.0,269.0
100,100,0.2,0.4,1,0.1,295.0,269.0
100,100,0.2,0.7,0,0.1,295.0,134.0
100,100,0.2,0.7,0.1,0.1,295.0,269.0
100,100,0.2,0.7,0.4,0.1,295.0,269.0
100,100,0.2,0.7,0.7,0.1,295.0,171.0
100,100,0.2,0.7,1,0.1,295.0,269.0
100,100,0.2,1,0,0.1,295.0,269.0
100,100,0.2,1,0.1,0.1,295.0,269.0
100,100,0.2,1,0.4,0.1,295.0,269.0
100,100,0.2,1,0.7,0.1,295.0,269.0
100,100,0.2,1,1,0.1,295.0,269.0
100,100,0.25,0,0,0.1,227.0,206.0
100,100,0.25,0,0.1,0.1,295.0,269.0
100,100,0.25,0,0.4,0.1,295.0,269.0
100,100,0.25,0,0.7,0.1,295.0,269.0
100,100,0.25,0,1,0.1,295.0,269.0
100,100,0.25,0.1,0,0.1,274.0,266.0
100,100,0.25,0.1,0.1,0.1,295.0,269.0
100,100,0.25,0.1,0.4,0.1,295.0,269.0
100,100,0.25,0.1,0.7,0.1,295.0,269.0
100,100,0.25,0.1,1,0.1,295.0,269.0
100,100,0.25,0.4,0,0.1,274.0,266.0
100,100,0.25,0.4,0.1,0.1,295.0,269.0
100,100,0.25,0.4,0.4,0.1,295.0,269.0
100,100,0.25,0.4,0.7,0.1,295.0,269.0
100,100,0.25,0.4,1,0.1,295.0,269.0
100,100,0.25,0.7,0,0.1,274.0,266.0
100,100,0.25,0.7,0.1,0.1,295.0,269.0
100,100,0.25,0.7,0.4,0.1,295.0,269.0
100,100,0.25,0.7,0.7,0.1,295.0,269.0
100,100,0.25,0.7,1,0.1,295.0,269.0
100,100,0.25,1,0,0.1,274.0,266.0
100,100,0.25,1,0.1,0.1,295.0,269.0
100,100,0.25,1,0.4,0.1,295.0,269.0
100,100,0.25,1,0.7,0.1,295.0,269.0
100,100,0.25,1,1,0.1,295.0,269.0
100,100,0.3,0,0,0.1,227.0,206.0
100,100,0.3,0,0.1,0.1,295.0,269.0
100,100,0.3,0,0.4,0.1,295.0,269.0
100,100,0.3,0,0.7,0.1,295.0,269.0
100,100,0.3,0,1,0.1,295.0,269.0
100,100,0.3,0.1,0,0.1,274.0,266.0
100,100,0.3,0.1,0.1,0.1,295.0,269.0
100,100,0.3,0.1,0.4,0.1,295.0,269.0
100,100,0.3,0.1,0.7,0.1,295.0,196.0
100,100,0.3,0.1,1,0.1,295.0,269.0
100,100,0.3,0.4,0,0.1,274.0,266.0
100,100,0.3,0.4,0.1,0.1,295.0,198.0
100,100,0.3,0.4,0.4,0.1,295.0,269.0
100,100,0.3,0.4,0.7,0.1,295.0,269.0
100,100,0.3,0.4,1,0.1,295.0,269.0
100,100,0.3,0.7,0,0.1,288.0,243.0
100,100,0.3,0.7,0.1,0.1,295.0,269.0
100,100,0.3,0.7,0.4,0.1,295.0,269.0
100,100,0.3,0.7,0.7,0.1,295.0,269.0
100,100,0.3,0.7,1,0.1,295.0,269.0
100,100,0.3,1,0,0.1,274.0,266.0
100,100,0.3,1,0.1,0.1,295.0,269.0
100,100,0.3,1,0.4,0.1,295.0,269.0
100,100,0.3,1,0.7,0.1,295.0,269.0
100,100,0.3,1,1,0.1,295.0,269.0
100,120,0.05,0,0,0.1,227.0,206.0
100,120,0.05,0,0.1,0.1,295.0,269.0
100,120,0.05,0,0.4,0.1,295.0,269.0
100,120,0.05,0,0.7,0.1,295.0,269.0
100,120,0.05,0,1,0.1,295.0,269.0
100,120,0.05,0.1,0,0.1,274.0,266.0
100,120,0.05,0.1,0.1,0.1,295.0,269.0
100,120,0.05,0.1,0.4,0.1,295.0,269.0
100,120,0.05,0.1,0.7,0.1,295.0,269.0
100,120,0.05,0.1,1,0.1,295.0,269.0
100,120,0.05,0.4,0,0.1,274.0,266.0
100,120,0.05,0.4,0.1,0.1,295.0,269.0
100,120,0.05,0.4,0.4,0.1,295.0,269.0
100,120,0.05,0.4,0.7,0.1,295.0,269.0
100,120,0.05,0.4,1,0.1,295.0,269.0
100,120,0.05,0.7,0,0.1,288.0,268.0
100,120,0.05,0.7,0.1,0.1,295.0,269.0
100,120,0.05,0.7,0.4,0.1,295.0,269.0
100,120,0.05,0.7,0.7,0.1,295.0,269.0
100,120,0.05,0.7,1,0.1,295.0,269.0
100,120,0.05,1,0,0.1,288.0,268.0
100,120,0.05,1,0.1,0.1,295.0,269.0
100,120,0.05,1,0.4,0.1,295.0,269.0
100,120,0.05,1,0.7,0.1,295.0,269.0
100,120,0.05,1,1,0.1,295.0,269.0
100,120,0.1,0,0,0.1,227.0,206.0
100,120,0.1,0,0.1,0.1,295.0,269.0
100,120,0.1,0,0.4,0.1,295.0,269.0
100,120,0.1,0,0.7,0.1,295.0,269.0
100,120,0.1,0,1,0.1,295.0,269.0
100,120,0.1,0.1,0,0.1,274.0,266.0
100,120,0.1,0.1,0.1,0.1,295.0,269.0
100,120,0.1,0.1,0.4,0.1,295.0,269.0
100,120,0.1,0.1,0.7,0.1,295.0,269.0
100,120,0.1,0.1,1,0.1,295.0,269.0
100,120,0.1,0.4,0,0.1,274.0,266.0
100,120,0.1,0.4,0.1,0.1,295.0,269.0
100,120,0.1,0.4,0.4,0.1,295.0,269.0
100,120,0.1,0.4,0.7,0.1,295.0,269.0
100,120,0.1,0.4,1,0.1,295.0,269.0
100,120,0.1,0.7,0,0.1,295.0,269.0
100,120,0.1,0.7,0.1,0.1,295.0,269.0
100,120,0.1,0.7,0.4,0.1,295.0,269.0
100,120,0.1,0.7,0.7,0.1,295.0,173.0
100,120,0.1,0.7,1,0.1,295.0,269.0
100,120,0.1,1,0,0.1,293.0,175.0
100,120,0.1,1,0.1,0.1,295.0,269.0
100,120,0.1,1,0.4,0.1,295.0,269.0
100,120,0.1,1,0.7,0.1,295.0,269.0
100,120,0.1,1,1,0.1,295.0,269.0
100,120,0.15,0,0,0.1,227.0,206.0
100,120,0.15,0,0.1,0.1,295.0,269.0
100,120,0.15,0,0.4,0.1,295.0,269.0
100,120,0.15,0,0.7,0.1,295.0,269.0
100,120,0.15,0,1,0.1,295.0,269.0
100,120,0.15,0.1,0,0.1,274.0,266.0
100,120,0.15,0.1,0.1,0.1,295.0,269.0
100,120,0.15,0.1,0.4,0.1,295.0,269.0
100,120,0.15,0.1,0.7,0.1,295.0,269.0
100,120,0.15,0.1,1,0.1,295.0,269.0
100,120,0.15,0.4,0,0.1,295.0,194.0
100,120,0.15,0.4,0.1,0.1,295.0,269.0
100,120,0.15,0.4,0.4,0.1,295.0,134.0
100,120,0.15,0.4,0.7,0.1,295.0,269.0
100,120,0.15,0.4,1,0.1,295.0,269.0
100,120,0.15,0.7,0,0.1,274.0,266.0
100,120,0.15,0.7,0.1,0.1,295.0,272.0
100,120,0.15,0.7,0.4,0.1,295.0,269.0
100,120,0.15,0.7,0.7,0.1,295.0,269.0
100,120,0.15,0.7,1,0.1,295.0,269.0
100,120,0.15,1,0,0.1,293.0,205.0
100,120,0.15,1,0.1,0.1,295.0,269.0
100,120,0.15,1,0.4,0.1,295.0,269.0
100,120,0.15,1,0.7,0.1,295.0,269.0
100,120,0.15,1,1,0.1,295.0,269.0
100,120,0.2,0,0,0.1,227.0,206.0
100,120,0.2,0,0.1,0.1,295.0,269.0
100,120,0.2,0,0.4,0.1,295.0,269.0
100,120,0.2,0,0.7,0.1,295.0,269.0
100,120,0.2,0,1,0.1,295.0,269.0
100,120,0.2,0.1,0,0.1,274.0,266.0
100,120,0.2,0.1,0.1,0.1,295.0,269.0
100,120,0.2,0.1,0.4,0.1,295.0,269.0
100,120,0.2,0.1,0.7,0.1,295.0,269.0
100,120,0.2,0.1,1,0.1,295.0,269.0
100,120,0.2,0.4,0,0.1,274.0,266.0
100,120,0.2,0.4,0.1,0.1,295.0,269.0
100,120,0.2,0.4,0.4,0.1,295.0,269.0
100,120,0.2,0.4,0.7,0.1,295.0,269.0
100,120,0.2,0.4,1,0.1,295.0,269.0
100,120,0.2,0.7,0,0.1,295.0,134.0
100,120,0.2,0.7,0.1,0.1,295.0,269.0
100,120,0.2,0.7,0.4,0.1,295.0,269.0
100,120,0.2,0.7,0.7,0.1,295.0,171.0
100,120,0.2,0.7,1,0.1,295.0,269.0
100,120,0.2,1,0,0.1,295.0,269.0
100,120,0.2,1,0.1,0.1,295.0,269.0
100,120,0.2,1,0.4,0.1,295.0,269.0
100,120,0.2,1,0.7,0.1,295.0,269.0
100,120,0.2,1,1,0.1,295.0,269.0
100,120,0.25,0,0,0.1,227.0,206.0
100,120,0.25,0,0.1,0.1,295.0,269.0
100,120,0.25,0,0.4,0.1,295.0,269.0
100,120,0.25,0,0.7,0.1,295.0,269.0
100,120,0.25,0,1,0.1,295.0,269.0
100,120,0.25,0.1,0,0.1,274.0,266.0
100,120,0.25,0.1,0.1,0.1,295.0,269.0
100,120,0.25,0.1,0.4,0.1,295.0,269.0
100,120,0.25,0.1,0.7,0.1,295.0,269.0
100,120,0.25,0.1,1,0.1,295.0,269.0
100,120,0.25,0.4,0,0.1,274.0,266.0
100,120,0.25,0.4,0.1,0.1,295.0,269.0
100,120,0.25,0.4,0.4,0.1,295.0,269.0
100,120,0.25,0.4,0.7,0.1,295.0,269.0
100,120,0.25,0.4,1,0.1,295.0,269.0
100,120,0.25,0.7,0,0.1,274.0,266.0
100,120,0.25,0.7,0.1,0.1,295.0,269.0
100,120,0.25,0.7,0.4,0.1,295.0,269.0
100,120,0.25,0.7,0.7,0.1,295.0,269.0
100,120,0.25,0.7,1,0.1,295.0,269.0
100,120,0.25,1,0,0.1,274.0,266.0
100,120,0.25,1,0.1,0.1,295.0,269.0
100,120,0.25,1,0.4,0.1,295.0,269.0
100,120,0.25,1,0.7,0.1,295.0,269.0
100,120,0.25,1,1,0.1,295.0,269.0
100,120,0.3,0,0,0.1,227.0,206.0
100,120,0.3,0,0.1,0.1,295.0,269.0
100,120,0.3,0,0.4,0.1,295.0,269.0
100,120,0.3,0,0.7,0.1,295.0,269.0
100,120,0.3,0,1,0.1,295.0,269.0
100,120,0.3,0.1,0,0.1,274.0,266.0
100,120,0.3,0.1,0.1,0.1,295.0,269.0
100,120,0.3,0.1,0.4,0.1,295.0,269.0
100,120,0.3,0.1,0.7,0.1,295.0,196.0
100,120,0.3,0.1,1,0.1,295.0,269.0
100,120,0.3,0.4,0,0.1,274.0,266.0
100,120,0.3,0.4,0.1,0.1,295.0,198.0
100,120,0.3,0.4,0.4,0.1,295.0,269.0
100,120,0.3,0.4,0.7,0.1,295.0,269.0
100,120,0.3,0.4,1,0.1,295.0,269.0
100,120,0.3,0.7,0,0.1,288.0,243.0
100,120,0.3,0.7,0.1,0.1,295.0,269.0
100,120,0.3,0.7,0.4,0.1,295.0,269.0
100,120,0.3,0.7,0.7,0.1,295.0,269.0
100,120,0.3,0.7,1,0.1,295.0,269.0
100,120,0.3,1,0,0.1,274.0,266.0
100,120,0.3,1,0.1,0.1,295.0,269.0
100,120,0.3,1,0.4,0.1,295.0,269.0
100,120,0.3,1,0.7,0.1,295.0,269.0
100,120,0.3,1,1,0.1,295.0,269.0
500,10,0.05,0,0,0.1,288.0,268.0
500,10,0.05,0,0.1,0.1,295.0,269.0
500,10,0.05,0,0.4,0.1,295.0,269.0
500,10,0.05,0,0.7,0.1,295.0,269.0
500,10,0.05,0,1,0.1,294.0,260.0
500,10,0.05,0.1,0,0.1,293.0,249.0
500,10,0.05,0.1,0.1,0.1,295.0,269.0
500,10,0.05,0.1,0.4,0.1,295.0,269.0
500,10,0.05,0.1,0.7,0.1,295.0,269.0
500,10,0.05,0.1,1,0.1,295.0,269.0
500,10,0.05,0.4,0,0.1,295.0,251.0
500,10,0.05,0.4,0.1,0.1,295.0,269.0
500,10,0.05,0.4,0.4,0.1,295.0,269.0
500,10,0.05,0.4,0.7,0.1,295.0,269.0
500,10,0.05,0.4,1,0.1,295.0,269.0
500,10,0.05,0.7,0,0.1,295.0,269.0
500,10,0.05,0.7,0.1,0.1,295.0,256.0
500,10,0.05,0.7,0.4,0.1,295.0,269.0
500,10,0.05,0.7,0.7,0.1,295.0,269.0
500,10,0.05,0.7,1,0.1,295.0,269.0
500,10,0.05,1,0,0.1,295.0,269.0
500,10,0.05,1,0.1,0.1,295.0,269.0
500,10,0.05,1,0.4,0.1,295.0,269.0
500,10,0.05,1,0.7,0.1,295.0,269.0
500,10,0.05,1,1,0.1,295.0,269.0
500,10,0.1,0,0,0.1,288.0,268.0
500,10,0.1,0,0.1,0.1,295.0,269.0
500,10,0.1,0,0.4,0.1,295.0,269.0
500,10,0.1,0,0.7,0.1,295.0,269.0
500,10,0.1,0,1,0.1,295.0,269.0
500,10,0.1,0.1,0,0.1,295.0,269.0
500,10,0.1,0.1,0.1,0.1,295.0,269.0
500,10,0.1,0.1,0.4,0.1,295.0,269.0
500,10,0.1,0.1,0.7,0.1,295.0,269.0
500,10,0.1,0.1,1,0.1,295.0,269.0
500,10,0.1,0.4,0,0.1,295.0,269.0
500,10,0.1,0.4,0.1,0.1,295.0,269.0
500,10,0.1,0.4,0.4,0.1,295.0,269.0
500,10,0.1,0.4,0.7,0.1,295.0,269.0
500,10,0.1,0.4,1,0.1,295.0,269.0
500,10,0.1,0.7,0,0.1,295.0,269.0
500,10,0.1,0.7,0.1,0.1,295.0,177.0
500,10,0.1,0.7,0.4,0.1,295.0,269.0
500,10,0.1,0.7,0.7,0.1,295.0,269.0
500,10,0.1,0.7,1,0.1,295.0,269.0
500,10,0.1,1,0,0.1,295.0,269.0
500,10,0.1,1,0.1,0.1,295.0,269.0
500,10,0.1,1,0.4,0.1,295.0,269.0
500,10,0.1,1,0.7,0.1,295.0,269.0
500,10,0.1,1,1,0.1,295.0,269.0
500,10,0.15,0,0,0.1,288.0,268.0
500,10,0.15,0,0.1,0.1,294.0,260.0
500,10,0.15,0,0.4,0.1,295.0,269.0
500,10,0.15,0,0.7,0.1,295.0,269.0
500,10,0.15,0,1,0.1,295.0,269.0
500,10,0.15,0.1,0,0.1,293.0,249.0
500,10,0.15,0.1,0.1,0.1,295.0,269.0
500,10,0.15,0.1,0.4,0.1,295.0,269.0
500,10,0.15,0.1,0.7,0.1,295.0,269.0
500,10,0.15,0.1,1,0.1,295.0,269.0
500,10,0.15,0.4,0,0.1,295.0,269.0
500,10,0.15,0.4,0.1,0.1,295.0,269.0
500,10,0.15,0.4,0.4,0.1,295.0,269.0
500,10,0.15,0.4,0.7,0.1,295.0,269.0
500,10,0.15,0.4,1,0.1,295.0,269.0
500,10,0.15,0.7,0,0.1,295.0,269.0
500,10,0.15,0.7,0.1,0.1,295.0,269.0
500,10,0.15,0.7,0.4,0.1,295.0,269.0
500,10,0.15,0.7,0.7,0.1,295.0,269.0
500,10,0.15,0.7,1,0.1,295.0,269.0
500,10,0.15,1,0,0.1,295.0,269.0
500,10,0.15,1,0.1,0.1,295.0,269.0
500,10,0.15,1,0.4,0.1,295.0,269.0
500,10,0.15,1,0.7,0.1,295.0,269.0
500,10,0.15,1,1,0.1,295.0,269.0
500,10,0.2,0,0,0.1,288.0,268.0
500,10,0.2,0,0.1,0.1,294.0,260.0
500,10,0.2,0,0.4,0.1,295.0,269.0
500,10,0.2,0,0.7,0.1,295.0,269.0
500,10,0.2,0,1,0.1,295.0,269.0
500,10,0.2,0.1,0,0.1,295.0,269.0
500,10,0.2,0.1,0.1,0.1,295.0,269.0
500,10,0.2,0.1,0.4,0.1,295.0,269.0
500,10,0.2,0.1,0.7,0.1,295.0,269.0
500,10,0.2,0.1,1,0.1,295.0,269.0
500,10,0.2,0.4,0,0.1,295.0,269.0
500,10,0.2,0.4,0.1,0.1,295.0,269.0
500,10,0.2,0.4,0.4,0.1,295.0,269.0
500,10,0.2,0.4,0.7,0.1,295.0,269.0
500,10,0.2,0.4,1,0.1,295.0,269.0
500,10,0.2,0.7,0,0.1,295.0,269.0
500,10,0.2,0.7,0.1,0.1,295.0,269.0
500,10,0.2,0.7,0.4,0.1,295.0,269.0
500,10,0.2,0.7,0.7,0.1,295.0,269.0
500,10,0.2,0.7,1,0.1,295.0,269.0
500,10,0.2,1,0,0.1,295.0,269.0
500,10,0.2,1,0.1,0.1,295.0,269.0
500,10,0.2,1,0.4,0.1,295.0,269.0
500,10,0.2,1,0.7,0.1,295.0,269.0
500,10,0.2,1,1,0.1,295.0,269.0
500,10,0.25,0,0,0.1,288.0,268.0
500,10,0.25,0,0.1,0.1,293.0,249.0
500,10,0.25,0,0.4,0.1,295.0,269.0
500,10,0.25,0,0.7,0.1,295.0,269.0
500,10,0.25,0,1,0.1,295.0,269.0
500,10,0.25,0.1,0,0.1,293.0,249.0
500,10,0.25,0.1,0.1,0.1,295.0,269.0
500,10,0.25,0.1,0.4,0.1,295.0,269.0
500,10,0.25,0.1,0.7,0.1,295.0,269.0
500,10,0.25,0.1,1,0.1,295.0,269.0
500,10,0.25,0.4,0,0.1,295.0,196.0
500,10,0.25,0.4,0.1,0.1,295.0,233.0
500,10,0.25,0.4,0.4,0.1,295.0,269.0
500,10,0.25,0.4,0.7,0.1,295.0,269.0
500,10,0.25,0.4,1,0.1,295.0,269.0
500,10,0.25,0.7,0,0.1,295.0,269.0
500,10,0.25,0.7,0.1,0.1,295.0,131.0
500,10,0.25,0.7,0.4,0.1,295.0,269.0
500,10,0.25,0.7,0.7,0.1,295.0,269.0
500,10,0.25,0.7,1,0.1,295.0,269.0
500,10,0.25,1,0,0.1,295.0,269.0
500,10,0.25,1,0.1,0.1,295.0,269.0
500,10,0.25,1,0.4,0.1,295.0,269.0
500,10,0.25,1,0.7,0.1,295.0,269.0
500,10,0.25,1,1,0.1,295.0,269.0
500,10,0.3,0,0,0.1,288.0,268.0
500,10,0.3,0,0.1,0.1,293.0,249.0
500,10,0.3,0,0.4,0.1,295.0,269.0
500,10,0.3,0,0.7,0.1,295.0,269.0
500,10,0.3,0,1,0.1,295.0,269.0
500,10,0.3,0.1,0,0.1,295.0,269.0
500,10,0.3,0.1,0.1,0.1,295.0,269.0
500,10,0.3,0.1,0.4,0.1,295.0,269.0
500,10,0.3,0.1,0.7,0.1,295.0,269.0
500,10,0.3,0.1,1,0.1,295.0,269.0
500,10,0.3,0.4,0,0.1,295.0,269.0
500,10,0.3,0.4,0.1,0.1,295.0,269.0
500,10,0.3,0.4,0.4,0.1,295.0,269.0
500,10,0.3,0.4,0.7,0.1,295.0,269.0
500,10,0.3,0.4,1,0.1,295.0,269.0
500,10,0.3,0.7,0,0.1,295.0,269.0
500,10,0.3,0.7,0.1,0.1,295.0,269.0
500,10,0.3,0.7,0.4,0.1,295.0,269.0
500,10,0.3,0.7,0.7,0.1,295.0,269.0
500,10,0.3,0.7,1,0.1,295.0,269.0
500,10,0.3,1,0,0.1,295.0,269.0
500,10,0.3,1,0.1,0.1,295.0,173.0
500,10,0.3,1,0.4,0.1,295.0,269.0
500,10,0.3,1,0.7,0.1,295.0,269.0
500,10,0.3,1,1,0.1,295.0,269.0
500,50,0.05,0,0,0.1,288.0,268.0
500,50,0.05,0,0.1,0.1,295.0,269.0
500,50,0.05,0,0.4,0.1,295.0,269.0
500,50,0.05,0,0.7,0.1,295.0,269.0
500,50,0.05,0,1,0.1,295.0,269.0
500,50,0.05,0.1,0,0.1,293.0,249.0
500,50,0.05,0.1,0.1,0.1,295.0,269.0
500,50,0.05,0.1,0.4,0.1,295.0,269.0
500,50,0.05,0.1,0.7,0.1,295.0,269.0
500,50,0.05,0.1,1,0.1,295.0,269.0
500,50,0.05,0.4,0,0.1,295.0,251.0
500,50,0.05,0.4,0.1,0.1,295.0,269.0
500,50,0.05,0.4,0.4,0.1,295.0,269.0
500,50,0.05,0.4,0.7,0.1,295.0,269.0
500,50,0.05,0.4,1,0.1,295.0,269.0
500,50,0.05,0.7,0,0.1,295.0,269.0
500,50,0.05,0.7,0.1,0.1,295.0,256.0
500,50,0.05,0.7,0.4,0.1,295.0,269.0
500,50,0.05,0.7,0.7,0.1,295.0,269.0
500,50,0.05,0.7,1,0.1,295.0,269.0
500,50,0.05,1,0,0.1,295.0,269.0
500,50,0.05,1,0.1,0.1,295.0,269.0
500,50,0.05,1,0.4,0.1,295.0,269.0
500,50,0.05,1,0.7,0.1,295.0,269.0
500,50,0.05,1,1,0.1,295.0,269.0
500,50,0.1,0,0,0.1,288.0,268.0
500,50,0.1,0,0.1,0.1,295.0,269.0
500,50,0.1,0,0.4,0.1,295.0,269.0
500,50,0.1,0,0.7,0.1,295.0,269.0
500,50,0.1,0,1,0.1,295.0,269.0
500,50,0.1,0.1,0,0.1,295.0,269.0
500,50,0.1,0.1,0.1,0.1,295.0,269.0
500,50,0.1,0.1,0.4,0.1,295.0,269.0
500,50,0.1,0.1,0.7,0.1,295.0,269.0
500,50,0.1,0.1,1,0.1,295.0,269.0
500,50,0.1,0.4,0,0.1,295.0,269.0
500,50,0.1,0.4,0.1,0.1,295.0,269.0
500,50,0.1,0.4,0.4,0.1,295.0,269.0
500,50,0.1,0.4,0.7,0.1,295.0,269.0
500,50,0.1,0.4,1,0.1,295.0,269.0
500,50,0.1,0.7,0,0.1,295.0,269.0
500,50,0.1,0.7,0.1,0.1,295.0,177.0
500,50,0.1,0.7,0.4,0.1,295.0,269.0
500,50,0.1,0.7,0.7,0.1,295.0,269.0
500,50,0.1,0.7,1,0.1,295.0,269.0
500,50,0.1,1,0,0.1,295.0,269.0
500,50,0.1,1,0.1,0.1,295.0,269.0
500,50,0.1,1,0.4,0.1,295.0,269.0
500,50,0.1,1,0.7,0.1,295.0,269.0
500,50,0.1,1,1,0.1,295.0,269.0
500,50,0.15,0,0,0.1,288.0,268.0
500,50,0.15,0,0.1,0.1,295.0,269.0
500,50,0.15,0,0.4,0.1,295.0,269.0
500,50,0.15,0,0.7,0.1,295.0,269.0
500,50,0.15,0,1,0.1,295.0,269.0
500,50,0.15,0.1,0,0.1,294.0,260.0
500,50,0.15,0.1,0.1,0.1,295.0,269.0
500,50,0.15,0.1,0.4,0.1,295.0,269.0
500,50,0.15,0.1,0.7,0.1,295.0,269.0
500,50,0.15,0.1,1,0.1,295.0,269.0
500,50,0.15,0.4,0,0.1,295.0,269.0
500,50,0.15,0.4,0.1,0.1,295.0,269.0
500,50,0.15,0.4,0.4,0.1,295.0,269.0
500,50,0.15,0.4,0.7,0.1,295.0,269.0
500,50,0.15,0.4,1,0.1,295.0,269.0
500,50,0.15,0.7,0,0.1,295.0,269.0
500,50,0.15,0.7,0.1,0.1,295.0,269.0
500,50,0.15,0.7,0.4,0.1,295.0,269.0
500,50,0.15,0.7,0.7,0.1,295.0,269.0
500,50,0.15,0.7,1,0.1,295.0,269.0
500,50,0.15,1,0,0.1,295.0,269.0
500,50,0.15,1,0.1,0.1,295.0,269.0
500,50,0.15,1,0.4,0.1,295.0,269.0
500,50,0.15,1,0.7,0.1,295.0,269.0
500,50,0.15,1,1,0.1,295.0,269.0
500,50,0.2,0,0,0.1,288.0,268.0
500,50,0.2,0,0.1,0.1,295.0,269.0
500,50,0.2,0,0.4,0.1,295.0,269.0
500,50,0.2,0,0.7,0.1,295.0,269.0
500,50,0.2,0,1,0.1,295.0,269.0
500,50,0.2,0.1,0,0.1,295.0,269.0
500,50,0.2,0.1,0.1,0.1,295.0,269.0
500,50,0.2,0.1,0.4,0.1,295.0,269.0
500,50,0.2,0.1,0.7,0.1,295.0,269.0
500,50,0.2,0.1,1,0.1,295.0,269.0
500,50,0.2,0.4,0,0.1,295.0,269.0
500,50,0.2,0.4,0.1,0.1,295.0,269.0
500,50,0.2,0.4,0.4,0.1,295.0,269.0
500,50,0.2,0.4,0.7,0.1,295.0,269.0
500,50,0.2,0.4,1,0.1,295.0,269.0
500,50,0.2,0.7,0,0.1,295.0,269.0
500,50,0.2,0.7,0.1,0.1,295.0,269.0
500,50,0.2,0.7,0.4,0.1,295.0,269.0
500,50,0.2,0.7,0.7,0.1,295.0,269.0
500,50,0.2,0.7,1,0.1,295.0,269.0
500,50,0.2,1,0,0.1,295.0,269.0
500,50,0.2,1,0.1,0.1,295.0,269.0
500,50,0.2,1,0.4,0.1,295.0,269.0
500,50,0.2,1,0.7,0.1,295.0,269.0
500,50,0.2,1,1,0.1,295.0,269.0
500,50,0.25,0,0,0.1,288.0,268.0
500,50,0.25,0,0.1,0.1,295.0,269.0
500,50,0.25,0,0.4,0.1,295.0,269.0
500,50,0.25,0,0.7,0.1,295.0,269.0
500,50,0.25,0,1,0.1,295.0,269.0
500,50,0.25,0.1,0,0.1,293.0,249.0
500,50,0.25,0.1,0.1,0.1,295.0,269.0
500,50,0.25,0.1,0.4,0.1,295.0,269.0
500,50,0.25,0.1,0.7,0.1,295.0,269.0
500,50,0.25,0.1,1,0.1,295.0,269.0
500,50,0.25,0.4,0,0.1,295.0,196.0
500,50,0.25,0.4,0.1,0.1,295.0,233.0
500,50,0.25,0.4,0.4,0.1,295.0,269.0
500,50,0.25,0.4,0.7,0.1,295.0,269.0
500,50,0.25,0.4,1,0.1,295.0,269.0
500,50,0.25,0.7,0,0.1,295.0,269.0
500,50,0.25,0.7,0.1,0.1,295.0,131.0
500,50,0.25,0.7,0.4,0.1,295.0,269.0
500,50,0.25,0.7,0.7,0.1,295.0,269.0
500,50,0.25,0.7,1,0.1,295.0,269.0
500,50,0.25,1,0,0.1,295.0,269.0
500,50,0.25,1,0.1,0.1,295.0,269.0
500,50,0.25,1,0.4,0.1,295.0,269.0
500,50,0.25,1,0.7,0.1,295.0,269.0
500,50,0.25,1,1,0.1,295.0,269.0
500,50,0.3,0,0,0.1,288.0,268.0
500,50,0.3,0,0.1,0.1,295.0,269.0
500,50,0.3,0,0.4,0.1,295.0,269.0
500,50,0.3,0,0.7,0.1,295.0,269.0
500,50,0.3,0,1,0.1,295.0,269.0
500,50,0.3,0.1,0,0.1,295.0,269.0
500,50,0.3,0.1,0.1,0.1,295.0,269.0
500,50,0.3,0.1,0.4,0.1,295.0,269.0
500,50,0.3,0.1,0.7,0.1,295.0,269.0
500,50,0.3,0.1,1,0.1,295.0,269.0
500,50,0.3,0.4,0,0.1,295.0,269.0
500,50,0.3,0.4,0.1,0.1,295.0,269.0
500,50,0.3,0.4,0.4,0.1,295.0,269.0
500,50,0.3,0.4,0.7,0.1,295.0,269.0
500,50,0.3,0.4,1,0.1,295.0,269.0
500,50,0.3,0.7,0,0.1,295.0,269.0
500,50,0.3,0.7,0.1,0.1,295.0,269.0
500,50,0.3,0.7,0.4,0.1,295.0,269.0
500,50,0.3,0.7,0.7,0.1,295.0,269.0
500,50,0.3,0.7,1,0.1,295.0,269.0
500,50,0.3,1,0,0.1,295.0,269.0
500,50,0.3,1,0.1,0.1,295.0,173.0
500,50,0.3,1,0.4,0.1,295.0,269.0
500,50,0.3,1,0.7,0.1,295.0,269.0
500,50,0.3,1,1,0.1,295.0,269.0
500,100,0.05,0,0,0.1,288.0,268.0
500,100,0.05,0,0.1,0.1,295.0,269.0
500,100,0.05,0,0.4,0.1,295.0,269.0
500,100,0.05,0,0.7,0.1,295.0,269.0
500,100,0.05,0,1,0.1,295.0,269.0
500,100,0.05,0.1,0,0.1,293.0,249.0
500,100,0.05,0.1,0.1,0.1,295.0,269.0
500,100,0.05,0.1,0.4,0.1,295.0,269.0
500,100,0.05,0.1,0.7,0.1,295.0,269.0
500,100,0.05,0.1,1,0.1,295.0,269.0
500,100,0.05,0.4,0,0.1,295.0,251.0
500,100,0.05,0.4,0.1,0.1,295.0,269.0
500,100,0.05,0.4,0.4,0.1,295.0,269.0
500,100,0.05,0.4,0.7,0.1,295.0,269.0
500,100,0.05,0.4,1,0.1,295.0,269.0
500,100,0.05,0.7,0,0.1,295.0,269.0
500,100,0.05,0.7,0.1,0.1,295.0,256.0
500,100,0.05,0.7,0.4,0.1,295.0,269.0
500,100,0.05,0.7,0.7,0.1,295.0,269.0
500,100,0.05,0.7,1,0.1,295.0,269.0
500,100,0.05,1,0,0.1,295.0,269.0
500,100,0.05,1,0.1,0.1,295.0,269.0
500,100,0.05,1,0.4,0.1,295.0,269.0
500,100,0.05,1,0.7,0.1,295.0,269.0
500,100,0.05,1,1,0.1,295.0,269.0
500,100,0.1,0,0,0.1,288.0,268.0
500,100,0.1,0,0.1,0.1,295.0,269.0
500,100,0.1,0,0.4,0.1,295.0,269.0
500,100,0.1,0,0.7,0.1,295.0,269.0
500,100,0.1,0,1,0.1,295.0,269.0
500,100,0.1,0.1,0,0.1,295.0,269.0
500,100,0.1,0.1,0.1,0.1,295.0,269.0
500,100,0.1,0.1,0.4,0.1,295.0,269.0
500,100,0.1,0.1,0.7,0.1,295.0,269.0
500,100,0.1,0.1,1,0.1,295.0,269.0
500,100,0.1,0.4,0,0.1,295.0,269.0
500,100,0.1,0.4,0.1,0.1,295.0,269.0
500,100,0.1,0.4,0.4,0.1,295.0,269.0
500,100,0.1,0.4,0.7,0.1,295.0,269.0
500,100,0.1,0.4,1,0.1,295.0,269.0
500,100,0.1,0.7,0,0.1,295.0,269.0
500,100,0.1,0.7,0.1,0.1,295.0,177.0
500,100,0.1,0.7,0.4,0.1,295.0,269.0
500,100,0.1,0.7,0.7,0.1,295.0,269.0
500,100,0.1,0.7,1,0.1,295.0,269.0
500,100,0.1,1,0,0.1,295.0,269.0
500,100,0.1,1,0.1,0.1,295.0,269.0
500,100,0.1,1,0.4,0.1,295.0,269.0
500,100,0.1,1,0.7,0.1,295.0,269.0
500,100,0.1,1,1,0.1,295.0,269.0
500,100,0.15,0,0,0.1,288.0,268.0
500,100,0.15,0,0.1,0.1,295.0,269.0
500,100,0.15,0,0.4,0.1,295.0,269.0
500,100,0.15,0,0.7,0.1,295.0,269.0
500,100,0.15,0,1,0.1,295.0,269.0
500,100,0.15,0.1,0,0.1,294.0,260.0
500,100,0.15,0.1,0.1,0.1,295.0,269.0
500,100,0.15,0.1,0.4,0.1,295.0,269.0
500,100,0.15,0.1,0.7,0.1,295.0,269.0
500,100,0.15,0.1,1,0.1,295.0,269.0
500,100,0.15,0.4,0,0.1,295.0,269.0
500,100,0.15,0.4,0.1,0.1,295.0,269.0
500,100,0.15,0.4,0.4,0.1,295.0,269.0
500,100,0.15,0.4,0.7,0.1,295.0,269.0
500,100,0.15,0.4,1,0.1,295.0,269.0
500,100,0.15,0.7,0,0.1,295.0,269.0
500,100,0.15,0.7,0.1,0.1,295.0,269.0
500,100,0.15,0.7,0.4,0.1,295.0,269.0
500,100,0.15,0.7,0.7,0.1,295.0,269.0
500,100,0.15,0.7,1,0.1,295.0,269.0
500,100,0.15,1,0,0.1,295.0,269.0
500,100,0.15,1,0.1,0.1,295.0,269.0
500,100,0.15,1,0.4,0.1,295.0,269.0
500,100,0.15,1,0.7,0.1,295.0,269.0
500,100,0.15,1,1,0.1,295.0,269.0
500,100,0.2,0,0,0.1,288.0,268.0
500,100,0.2,0,0.1,0.1,295.0,269.0
500,100,0.2,0,0.4,0.1,295.0,269.0
500,100,0.2,0,0.7,0.1,295.0,269.0
500,100,0.2,0,1,0.1,295.0,269.0
500,100,0.2,0.1,0,0.1,295.0,269.0
500,100,0.2,0.1,0.1,0.1,295.0,269.0
500,100,0.2,0.1,0.4,0.1,295.0,269.0
500,100,0.2,0.1,0.7,0.1,295.0,269.0
500,100,0.2,0.1,1,0.1,295.0,269.0
500,100,0.2,0.4,0,0.1,295.0,269.0
500,100,0.2,0.4,0.1,0.1,295.0,269.0
500,100,0.2,0.4,0.4,0.1,295.0,269.0
500,100,0.2,0.4,0.7,0.1,295.0,269.0
500,100,0.2,0.4,1,0.1,295.0,269.0
500,100,0.2,0.7,0,0.1,295.0,269.0
500,100,0.2,0.7,0.1,0.1,295.0,269.0
500,100,0.2,0.7,0.4,0.1,295.0,269.0
500,100,0.2,0.7,0.7,0.1,295.0,269.0
500,100,0.2,0.7,1,0.1,295.0,269.0
500,100,0.2,1,0,0.1,295.0,269.0
500,100,0.2,1,0.1,0.1,295.0,269.0
500,100,0.2,1,0.4,0.1,295.0,269.0
500,100,0.2,1,0.7,0.1,295.0,269.0
500,100,0.2,1,1,0.1,295.0,269.0
500,100,0.25,0,0,0.1,288.0,268.0
500,100,0.25,0,0.1,0.1,295.0,269.0
500,100,0.25,0,0.4,0.1,295.0,269.0
500,100,0.25,0,0.7,0.1,295.0,269.0
500,100,0.25,0,1,0.1,295.0,269.0
500,100,0.25,0.1,0,0.1,293.0,249.0
500,100,0.25,0.1,0.1,0.1,295.0,269.0
500,100,0.25,0.1,0.4,0.1,295.0,269.0
500,100,0.25,0.1,0.7,0.1,295.0,269.0
500,100,0.25,0.1,1,0.1,295.0,269.0
500,100,0.25,0.4,0,0.1,295.0,196.0
500,100,0.25,0.4,0.1,0.1,295.0,233.0
500,100,0.25,0.4,0.4,0.1,295.0,269.0
500,100,0.25,0.4,0.7,0.1,295.0,269.0
500,100,0.25,0.4,1,0.1,295.0,269.0
500,100,0.25,0.7,0,0.1,295.0,269.0
500,100,0.25,0.7,0.1,0.1,295.0,131.0
500,100,0.25,0.7,0.4,0.1,295.0,269.0
500,100,0.25,0.7,0.7,0.1,295.0,269.0
500,100,0.25,0.7,1,0.1,295.0,269.0
500,100,0.25,1,0,0.1,295.0,269.0
500,100,0.25,1,0.1,0.1,295.0,269.0
500,100,0.25,1,0.4,0.1,295.0,269.0
500,100,0.25,1,0.7,0.1,295.0,269.0
500,100,0.25,1,1,0.1,295.0,269.0
500,100,0.3,0,0,0.1,288.0,268.0
500,100,0.3,0,0.1,0.1,295.0,269.0
500,100,0.3,0,0.4,0.1,295.0,269.0
500,100,0.3,0,0.7,0.1,295.0,269.0
500,100,0.3,0,1,0.1,295.0,269.0
500,100,0.3,0.1,0,0.1,295.0,269.0
500,100,0.3,0.1,0.1,0.1,295.0,269.0
500,100,0.3,0.1,0.4,0.1,295.0,269.0
500,100,0.3,0.1,0.7,0.1,295.0,269.0
500,100,0.3,0.1,1,0.1,295.0,269.0
500,100,0.3,0.4,0,0.1,295.0,269.0
500,100,0.3,0.4,0.1,0.1,295.0,269.0
500,100,0.3,0.4,0.4,0.1,295.0,269.0
500,100,0.3,0.4,0.7,0.1,295.0,269.0
500,100,0.3,0.4,1,0.1,295.0,269.0
500,100,0.3,0.7,0,0.1,295.0,269.0
500,100,0.3,0.7,0.1,0.1,295.0,269.0
500,100,0.3,0.7,0.4,0.1,295.0,269.0
500,100,0.3,0.7,0.7,0.1,295.0,269.0
500,100,0.3,0.7,1,0.1,295.0,269.0
500,100,0.3,1,0,0.1,295.0,269.0
500,100,0.3,1,0.1,0.1,295.0,173.0
500,100,0.3,1,0.4,0.1,295.0,269.0
500,100,0.3,1,0.7,0.1,295.0,269.0
500,100,0.3,1,1,0.1,295.0,269.0
500,120,0.05,0,0,0.1,288.0,268.0
500,120,0.05,0,0.1,0.1,295.0,269.0
500,120,0.05,0,0.4,0.1,295.0,269.0
500,120,0.05,0,0.7,0.1,295.0,269.0
500,120,0.05,0,1,0.1,295.0,269.0
500,120,0.05,0.1,0,0.1,293.0,249.0
500,120,0.05,0.1,0.1,0.1,295.0,269.0
500,120,0.05,0.1,0.4,0.1,295.0,269.0
500,120,0.05,0.1,0.7,0.1,295.0,269.0
500,120,0.05,0.1,1,0.1,295.0,269.0
500,120,0.05,0.4,0,0.1,295.0,251.0
500,120,0.05,0.4,0.1,0.1,295.0,269.0
500,120,0.05,0.4,0.4,0.1,295.0,269.0
500,120,0.05,0.4,0.7,0.1,295.0,269.0
500,120,0.05,0.4,1,0.1,295.0,269.0
500,120,0.05,0.7,0,0.1,295.0,269.0
500,120,0.05,0.7,0.1,0.1,295.0,256.0
500,120,0.05,0.7,0.4,0.1,295.0,269.0
500,120,0.05,0.7,0.7,0.1,295.0,269.0
500,120,0.05,0.7,1,0.1,295.0,269.0
500,120,0.05,1,0,0.1,295.0,269.0
500,120,0.05,1,0.1,0.1,295.0,269.0
500,120,0.05,1,0.4,0.1,295.0,269.0
500,120,0.05,1,0.7,0.1,295.0,269.0
500,120,0.05,1,1,0.1,295.0,269.0
500,120,0.1,0,0,0.1,288.0,268.0
500,120,0.1,0,0.1,0.1,295.0,269.0
500,120,0.1,0,0.4,0.1,295.0,269.0
500,120,0.1,0,0.7,0.1,295.0,269.0
500,120,0.1,0,1,0.1,295.0,269.0
500,120,0.1,0.1,0,0.1,295.0,269.0
500,120,0.1,0.1,0.1,0.1,295.0,269.0
500,120,0.1,0.1,0.4,0.1,295.0,269.0
500,120,0.1,0.1,0.7,0.1,295.0,269.0
500,120,0.1,0.1,1,0.1,295.0,269.0
500,120,0.1,0.4,0,0.1,295.0,269.0
500,120,0.1,0.4,0.1,0.1,295.0,269.0
500,120,0.1,0.4,0.4,0.1,295.0,269.0
500,120,0.1,0.4,0.7,0.1,295.0,269.0
500,120,0.1,0.4,1,0.1,295.0,269.0
500,120,0.1,0.7,0,0.1,295.0,269.0
500,120,0.1,0.7,0.1,0.1,295.0,177.0
500,120,0.1,0.7,0.4,0.1,295.0,269.0
500,120,0.1,0.7,0.7,0.1,295.0,269.0
500,120,0.1,0.7,1,0.1,295.0,269.0
500,120,0.1,1,0,0.1,295.0,269.0
500,120,0.1,1,0.1,0.1,295.0,269.0
500,120,0.1,1,0.4,0.1,295.0,269.0
500,120,0.1,1,0.7,0.1,295.0,269.0
500,120,0.1,1,1,0.1,295.0,269.0
500,120,0.15,0,0,0.1,288.0,268.0
500,120,0.15,0,0.1,0.1,295.0,269.0
500,120,0.15,0,0.4,0.1,295.0,269.0
500,120,0.15,0,0.7,0.1,295.0,269.0
500,120,0.15,0,1,0.1,295.0,269.0
500,120,0.15,0.1,0,0.1,294.0,260.0
500,120,0.15,0.1,0.1,0.1,295.0,269.0
500,120,0.15,0.1,0.4,0.1,295.0,269.0
500,120,0.15,0.1,0.7,0.1,295.0,269.0
500,120,0.15,0.1,1,0.1,295.0,269.0
500,120,0.15,0.4,0,0.1,295.0,269.0
500,120,0.15,0.4,0.1,0.1,295.0,269.0
500,120,0.15,0.4,0.4,0.1,295.0,269.0
500,120,0.15,0.4,0.7,0.1,295.0,269.0
500,120,0.15,0.4,1,0.1,295.0,269.0
500,120,0.15,0.7,0,0.1,295.0,269.0
500,120,0.15,0.7,0.1,0.1,295.0,269.0
500,120,0.15,0.7,0.4,0.1,295.0,269.0
500,120,0.15,0.7,0.7,0.1,295.0,269.0
500,120,0.15,0.7,1,0.1,295.0,269.0
500,120,0.15,1,0,0.1,295.0,269.0
500,120,0.15,1,0.1,0.1,295.0,269.0
500,120,0.15,1,0.4,0.1,295.0,269.0
500,120,0.15,1,0.7,0.1,295.0,269.0
500,120,0.15,1,1,0.1,295.0,269.0
500,120,0.2,0,0,0.1,288.0,268.0
500,120,0.2,0,0.1,0.1,295.0,269.0
500,120,0.2,0,0.4,0.1,295.0,269.0
500,120,0.2,0,0.7,0.1,295.0,269.0
500,120,0.2,0,1,0.1,295.0,269.0
500,120,0.2,0.1,0,0.1,295.0,269.0
500,120,0.2,0.1,0.1,0.1,295.0,269.0
500,120,0.2,0.1,0.4,0.1,295.0,269.0
500,120,0.2,0.1,0.7,0.1,295.0,269.0
500,120,0.2,0.1,1,0.1,295.0,269.0
500,120,0.2,0.4,0,0.1,295.0,269.0
500,120,0.2,0.4,0.1,0.1,295.0,269.0
500,120,0.2,0.4,0.4,0.1,295.0,269.0
500,120,0.2,0.4,0.7,0.1,295.0,269.0
500,120,0.2,0.4,1,0.1,295.0,269.0
500,120,0.2,0.7,0,0.1,295.0,269.0
500,120,0.2,0.7,0.1,0.1,295.0,269.0
500,120,0.2,0.7,0.4,0.1,295.0,269.0
500,120,0.2,0.7,0.7,0.1,295.0,269.0
500,120,0.2,0.7,1,0.1,295.0,269.0
500,120,0.2,1,0,0.1,295.0,269.0
500,120,0.2,1,0.1,0.1,295.0,269.0
500,120,0.2,1,0.4,0.1,295.0,269.0
500,120,0.2,1,0.7,0.1,295.0,269.0
500,120,0.2,1,1,0.1,295.0,269.0
500,120,0.25,0,0,0.1,288.0,268.0
500,120,0.25,0,0.1,0.1,295.0,269.0
500,120,0.25,0,0.4,0.1,295.0,269.0
500,120,0.25,0,0.7,0.1,295.0,269.0
500,120,0.25,0,1,0.1,295.0,269.0
500,120,0.25,0.1,0,0.1,293.0,249.0
500,120,0.25,0.1,0.1,0.1,295.0,269.0
500,120,0.25,0.1,0.4,0.1,295.0,269.0
500,120,0.25,0.1,0.7,0.1,295.0,269.0
500,120,0.25,0.1,1,0.1,295.0,269.0
500,120,0.25,0.4,0,0.1,295.0,196.0
500,120,0.25,0.4,0.1,0.1,295.0,233.0
500,120,0.25,0.4,0.4,0.1,295.0,269.0
500,120,0.25,0.4,0.7,0.1,295.0,269.0
500,120,0.25,0.4,1,0.1,295.0,269.0
500,120,0.25,0.7,0,0.1,295.0,269.0
500,120,0.25,0.7,0.1,0.1,295.0,131.0
500,120,0.25,0.7,0.4,0.1,295.0,269.0
500,120,0.25,0.7,0.7,0.1,295.0,269.0
500,120,0.25,0.7,1,0.1,295.0,269.0
500,120,0.25,1,0,0.1,295.0,269.0
500,120,0.25,1,0.1,0.1,295.0,269.0
500,120,0.25,1,0.4,0.1,295.0,269.0
500,120,0.25,1,0.7,0.1,295.0,269.0
500,120,0.25,1,1,0.1,295.0,269.0
500,120,0.3,0,0,0.1,288.0,268.0
500,120,0.3,0,0.1,0.1,295.0,269.0
500,120,0.3,0,0.4,0.1,295.0,269.0
500,120,0.3,0,0.7,0.1,295.0,269.0
500,120,0.3,0,1,0.1,295.0,269.0
500,120,0.3,0.1,0,0.1,295.0,269.0
500,120,0.3,0.1,0.1,0.1,295.0,269.0
500,120,0.3,0.1,0.4,0.1,295.0,269.0
500,120,0.3,0.1,0.7,0.1,295.0,269.0
500,120,0.3,0.1,1,0.1,295.0,269.0
500,120,0.3,0.4,0,0.1,295.0,269.0
500,120,0.3,0.4,0.1,0.1,295.0,269.0
500,120,0.3,0.4,0.4,0.1,295.0,269.0
500,120,0.3,0.4,0.7,0.1,295.0,269.0
500,120,0.3,0.4,1,0.1,295.0,269.0
500,120,0.3,0.7,0,0.1,295.0,269.0
500,120,0.3,0.7,0.1,0.1,295.0,269.0
500,120,0.3,0.7,0.4,0.1,295.0,269.0
500,120,0.3,0.7,0.7,0.1,295.0,269.0
500,120,0.3,0.7,1,0.1,295.0,269.0
500,120,0.3,1,0,0.1,295.0,269.0
500,120,0.3,1,0.1,0.1,295.0,173.0
500,120,0.3,1,0.4,0.1,295.0,269.0
500,120,0.3,1,0.7,0.1,295.0,269.0
500,120,0.3,1,1,0.1,295.0,269.0
