population size,number iterations,elitism fraction,crossover probability,mutation probability,inner mutation probability,score,weight
10,10,0.05,0,0,0.01,1870.0,716.0
10,10,0.05,0,0.1,0.01,0.0,22226.0
10,10,0.05,0,0.4,0.01,0.0,23671.0
10,10,0.05,0,0.7,0.01,0.0,24660.0
10,10,0.05,0,1,0.01,0.0,25984.0
10,10,0.05,0.1,0,0.01,1870.0,716.0
10,10,0.05,0.1,0.1,0.01,0.0,24399.0
10,10,0.05,0.1,0.4,0.01,0.0,24209.0
10,10,0.05,0.1,0.7,0.01,0.0,23596.0
10,10,0.05,0.1,1,0.01,0.0,21666.0
10,10,0.05,0.4,0,0.01,1870.0,716.0
10,10,0.05,0.4,0.1,0.01,2474.0,716.0
10,10,0.05,0.4,0.4,0.01,2271.0,912.0
10,10,0.05,0.4,0.7,0.01,0.0,22824.0
10,10,0.05,0.4,1,0.01,0.0,26662.0
10,10,0.05,0.7,0,0.01,1870.0,716.0
10,10,0.05,0.7,0.1,0.01,1807.0,716.0
10,10,0.05,0.7,0.4,0.01,0.0,24657.0
10,10,0.05,0.7,0.7,0.01,0.0,28076.0
10,10,0.05,0.7,1,0.01,0.0,24558.0
10,10,0.05,1,0,0.01,0.0,24035.0
10,10,0.05,1,0.1,0.01,1870.0,716.0
10,10,0.05,1,0.4,0.01,0.0,31607.0
10,10,0.05,1,0.7,0.01,0.0,26492.0
10,10,0.05,1,1,0.01,0.0,25103.0
10,10,0.1,0,0,0.01,1870.0,716.0
10,10,0.1,0,0.1,0.01,0.0,22226.0
10,10,0.1,0,0.4,0.01,0.0,23671.0
10,10,0.1,0,0.7,0.01,0.0,24660.0
10,10,0.1,0,1,0.01,0.0,25984.0
10,10,0.1,0.1,0,0.01,1870.0,716.0
10,10,0.1,0.1,0.1,0.01,0.0,24399.0
10,10,0.1,0.1,0.4,0.01,0.0,24209.0
10,10,0.1,0.1,0.7,0.01,0.0,23596.0
10,10,0.1,0.1,1,0.01,0.0,21666.0
10,10,0.1,0.4,0,0.01,1870.0,716.0
10,10,0.1,0.4,0.1,0.01,2474.0,716.0
10,10,0.1,0.4,0.4,0.01,2271.0,912.0
10,10,0.1,0.4,0.7,0.01,0.0,22824.0
10,10,0.1,0.4,1,0.01,0.0,26662.0
10,10,0.1,0.7,0,0.01,1870.0,716.0
10,10,0.1,0.7,0.1,0.01,1807.0,716.0
10,10,0.1,0.7,0.4,0.01,0.0,24657.0
10,10,0.1,0.7,0.7,0.01,0.0,28076.0
10,10,0.1,0.7,1,0.01,0.0,24558.0
10,10,0.1,1,0,0.01,0.0,24035.0
10,10,0.1,1,0.1,0.01,1870.0,716.0
10,10,0.1,1,0.4,0.01,0.0,31607.0
10,10,0.1,1,0.7,0.01,0.0,26492.0
10,10,0.1,1,1,0.01,0.0,25103.0
10,10,0.15,0,0,0.01,1870.0,716.0
10,10,0.15,0,0.1,0.01,0.0,22226.0
10,10,0.15,0,0.4,0.01,0.0,23671.0
10,10,0.15,0,0.7,0.01,0.0,24660.0
10,10,0.15,0,1,0.01,0.0,25984.0
10,10,0.15,0.1,0,0.01,1870.0,716.0
10,10,0.15,0.1,0.1,0.01,0.0,24399.0
10,10,0.15,0.1,0.4,0.01,0.0,24209.0
10,10,0.15,0.1,0.7,0.01,0.0,23596.0
10,10,0.15,0.1,1,0.01,0.0,21666.0
10,10,0.15,0.4,0,0.01,1870.0,716.0
10,10,0.15,0.4,0.1,0.01,2474.0,716.0
10,10,0.15,0.4,0.4,0.01,2271.0,912.0
10,10,0.15,0.4,0.7,0.01,0.0,22824.0
10,10,0.15,0.4,1,0.01,0.0,26662.0
10,10,0.15,0.7,0,0.01,1870.0,716.0
10,10,0.15,0.7,0.1,0.01,1807.0,716.0
10,10,0.15,0.7,0.4,0.01,0.0,24657.0
10,10,0.15,0.7,0.7,0.01,0.0,28076.0
10,10,0.15,0.7,1,0.01,0.0,24558.0
10,10,0.15,1,0,0.01,0.0,24035.0
10,10,0.15,1,0.1,0.01,1870.0,716.0
10,10,0.15,1,0.4,0.01,0.0,31607.0
10,10,0.15,1,0.7,0.01,0.0,26492.0
10,10,0.15,1,1,0.01,0.0,25103.0
10,10,0.2,0,0,0.01,1870.0,716.0
10,10,0.2,0,0.1,0.01,1870.0,716.0
10,10,0.2,0,0.4,0.01,1870.0,716.0
10,10,0.2,0,0.7,0.01,2301.0,714.0
10,10,0.2,0,1,0.01,3538.0,908.0
10,10,0.2,0.1,0,0.01,1870.0,716.0
10,10,0.2,0.1,0.1,0.01,2286.0,964.0
10,10,0.2,0.1,0.4,0.01,1870.0,716.0
10,10,0.2,0.1,0.7,0.01,2833.0,741.0
10,10,0.2,0.1,1,0.01,4392.0,937.0
10,10,0.2,0.4,0,0.01,1870.0,716.0
10,10,0.2,0.4,0.1,0.01,1870.0,716.0
10,10,0.2,0.4,0.4,0.01,2209.0,767.0
10,10,0.2,0.4,0.7,0.01,2657.0,906.0
10,10,0.2,0.4,1,0.01,2983.0,975.0
10,10,0.2,0.7,0,0.01,1870.0,716.0
10,10,0.2,0.7,0.1,0.01,2288.0,977.0
10,10,0.2,0.7,0.4,0.01,3563.0,777.0
10,10,0.2,0.7,0.7,0.01,2778.0,813.0
10,10,0.2,0.7,1,0.01,3267.0,850.0
10,10,0.2,1,0,0.01,1870.0,716.0
10,10,0.2,1,0.1,0.01,1870.0,716.0
10,10,0.2,1,0.4,0.01,1870.0,716.0
10,10,0.2,1,0.7,0.01,3491.0,870.0
10,10,0.2,1,1,0.01,2057.0,952.0
10,10,0.25,0,0,0.01,1870.0,716.0
10,10,0.25,0,0.1,0.01,1870.0,716.0
10,10,0.25,0,0.4,0.01,1870.0,716.0
10,10,0.25,0,0.7,0.01,2301.0,714.0
10,10,0.25,0,1,0.01,3538.0,908.0
10,10,0.25,0.1,0,0.01,1870.0,716.0
10,10,0.25,0.1,0.1,0.01,2286.0,964.0
10,10,0.25,0.1,0.4,0.01,1870.0,716.0
10,10,0.25,0.1,0.7,0.01,2833.0,741.0
10,10,0.25,0.1,1,0.01,4392.0,937.0
10,10,0.25,0.4,0,0.01,1870.0,716.0
10,10,0.25,0.4,0.1,0.01,1870.0,716.0
10,10,0.25,0.4,0.4,0.01,2209.0,767.0
10,10,0.25,0.4,0.7,0.01,2657.0,906.0
10,10,0.25,0.4,1,0.01,2983.0,975.0
10,10,0.25,0.7,0,0.01,1870.0,716.0
10,10,0.25,0.7,0.1,0.01,2288.0,977.0
10,10,0.25,0.7,0.4,0.01,3563.0,777.0
10,10,0.25,0.7,0.7,0.01,2778.0,813.0
10,10,0.25,0.7,1,0.01,3267.0,850.0
10,10,0.25,1,0,0.01,1870.0,716.0
10,10,0.25,1,0.1,0.01,1870.0,716.0
10,10,0.25,1,0.4,0.01,1870.0,716.0
10,10,0.25,1,0.7,0.01,3491.0,870.0
10,10,0.25,1,1,0.01,2057.0,952.0
10,10,0.3,0,0,0.01,1870.0,716.0
10,10,0.3,0,0.1,0.01,1870.0,716.0
10,10,0.3,0,0.4,0.01,1870.0,716.0
10,10,0.3,0,0.7,0.01,2301.0,714.0
10,10,0.3,0,1,0.01,3538.0,908.0
10,10,0.3,0.1,0,0.01,1870.0,716.0
10,10,0.3,0.1,0.1,0.01,2286.0,964.0
10,10,0.3,0.1,0.4,0.01,1870.0,716.0
10,10,0.3,0.1,0.7,0.01,2833.0,741.0
10,10,0.3,0.1,1,0.01,4392.0,937.0
10,10,0.3,0.4,0,0.01,1870.0,716.0
10,10,0.3,0.4,0.1,0.01,1870.0,716.0
10,10,0.3,0.4,0.4,0.01,2209.0,767.0
10,10,0.3,0.4,0.7,0.01,2657.0,906.0
10,10,0.3,0.4,1,0.01,2983.0,975.0
10,10,0.3,0.7,0,0.01,1870.0,716.0
10,10,0.3,0.7,0.1,0.01,2288.0,977.0
10,10,0.3,0.7,0.4,0.01,3563.0,777.0
10,10,0.3,0.7,0.7,0.01,2778.0,813.0
10,10,0.3,0.7,1,0.01,3267.0,850.0
10,10,0.3,1,0,0.01,1870.0,716.0
10,10,0.3,1,0.1,0.01,1870.0,716.0
10,10,0.3,1,0.4,0.01,1870.0,716.0
10,10,0.3,1,0.7,0.01,3491.0,870.0
10,10,0.3,1,1,0.01,2057.0,952.0
10,50,0.05,0,0,0.01,1870.0,716.0
10,50,0.05,0,0.1,0.01,0.0,23812.0
10,50,0.05,0,0.4,0.01,0.0,23216.0
10,50,0.05,0,0.7,0.01,0.0,23922.0
10,50,0.05,0,1,0.01,0.0,19551.0
10,50,0.05,0.1,0,0.01,1870.0,716.0
10,50,0.05,0.1,0.1,0.01,0.0,20488.0
10,50,0.05,0.1,0.4,0.01,0.0,27234.0
10,50,0.05,0.1,0.7,0.01,0.0,29246.0
10,50,0.05,0.1,1,0.01,0.0,23099.0
10,50,0.05,0.4,0,0.01,1870.0,716.0
10,50,0.05,0.4,0.1,0.01,0.0,20644.0
10,50,0.05,0.4,0.4,0.01,0.0,22272.0
10,50,0.05,0.4,0.7,0.01,0.0,19819.0
10,50,0.05,0.4,1,0.01,0.0,20808.0
10,50,0.05,0.7,0,0.01,1870.0,716.0
10,50,0.05,0.7,0.1,0.01,1807.0,716.0
10,50,0.05,0.7,0.4,0.01,0.0,25798.0
10,50,0.05,0.7,0.7,0.01,0.0,27798.0
10,50,0.05,0.7,1,0.01,0.0,23603.0
10,50,0.05,1,0,0.01,0.0,26617.0
10,50,0.05,1,0.1,0.01,2718.0,926.0
10,50,0.05,1,0.4,0.01,0.0,23909.0
10,50,0.05,1,0.7,0.01,0.0,21973.0
10,50,0.05,1,1,0.01,0.0,26983.0
10,50,0.1,0,0,0.01,1870.0,716.0
10,50,0.1,0,0.1,0.01,0.0,23812.0
10,50,0.1,0,0.4,0.01,0.0,23216.0
10,50,0.1,0,0.7,0.01,0.0,23922.0
10,50,0.1,0,1,0.01,0.0,19551.0
10,50,0.1,0.1,0,0.01,1870.0,716.0
10,50,0.1,0.1,0.1,0.01,0.0,20488.0
10,50,0.1,0.1,0.4,0.01,0.0,27234.0
10,50,0.1,0.1,0.7,0.01,0.0,29246.0
10,50,0.1,0.1,1,0.01,0.0,23099.0
10,50,0.1,0.4,0,0.01,1870.0,716.0
10,50,0.1,0.4,0.1,0.01,0.0,20644.0
10,50,0.1,0.4,0.4,0.01,0.0,22272.0
10,50,0.1,0.4,0.7,0.01,0.0,19819.0
10,50,0.1,0.4,1,0.01,0.0,20808.0
10,50,0.1,0.7,0,0.01,1870.0,716.0
10,50,0.1,0.7,0.1,0.01,1807.0,716.0
10,50,0.1,0.7,0.4,0.01,0.0,25798.0
10,50,0.1,0.7,0.7,0.01,0.0,27798.0
10,50,0.1,0.7,1,0.01,0.0,23603.0
10,50,0.1,1,0,0.01,0.0,26617.0
10,50,0.1,1,0.1,0.01,2718.0,926.0
10,50,0.1,1,0.4,0.01,0.0,23909.0
10,50,0.1,1,0.7,0.01,0.0,21973.0
10,50,0.1,1,1,0.01,0.0,26983.0
10,50,0.15,0,0,0.01,1870.0,716.0
10,50,0.15,0,0.1,0.01,0.0,23812.0
10,50,0.15,0,0.4,0.01,0.0,23216.0
10,50,0.15,0,0.7,0.01,0.0,23922.0
10,50,0.15,0,1,0.01,0.0,19551.0
10,50,0.15,0.1,0,0.01,1870.0,716.0
10,50,0.15,0.1,0.1,0.01,0.0,20488.0
10,50,0.15,0.1,0.4,0.01,0.0,27234.0
10,50,0.15,0.1,0.7,0.01,0.0,29246.0
10,50,0.15,0.1,1,0.01,0.0,23099.0
10,50,0.15,0.4,0,0.01,1870.0,716.0
10,50,0.15,0.4,0.1,0.01,0.0,20644.0
10,50,0.15,0.4,0.4,0.01,0.0,22272.0
10,50,0.15,0.4,0.7,0.01,0.0,19819.0
10,50,0.15,0.4,1,0.01,0.0,20808.0
10,50,0.15,0.7,0,0.01,1870.0,716.0
10,50,0.15,0.7,0.1,0.01,1807.0,716.0
10,50,0.15,0.7,0.4,0.01,0.0,25798.0
10,50,0.15,0.7,0.7,0.01,0.0,27798.0
10,50,0.15,0.7,1,0.01,0.0,23603.0
10,50,0.15,1,0,0.01,0.0,26617.0
10,50,0.15,1,0.1,0.01,2718.0,926.0
10,50,0.15,1,0.4,0.01,0.0,23909.0
10,50,0.15,1,0.7,0.01,0.0,21973.0
10,50,0.15,1,1,0.01,0.0,26983.0
10,50,0.2,0,0,0.01,1870.0,716.0
10,50,0.2,0,0.1,0.01,1986.0,993.0
10,50,0.2,0,0.4,0.01,3332.0,947.0
10,50,0.2,0,0.7,0.01,2775.0,944.0
10,50,0.2,0,1,0.01,3995.0,951.0
10,50,0.2,0.1,0,0.01,1870.0,716.0
10,50,0.2,0.1,0.1,0.01,2286.0,964.0
10,50,0.2,0.1,0.4,0.01,3705.0,918.0
10,50,0.2,0.1,0.7,0.01,6096.0,960.0
10,50,0.2,0.1,1,0.01,4392.0,937.0
10,50,0.2,0.4,0,0.01,1870.0,716.0
10,50,0.2,0.4,0.1,0.01,3418.0,948.0
10,50,0.2,0.4,0.4,0.01,3720.0,979.0
10,50,0.2,0.4,0.7,0.01,3755.0,995.0
10,50,0.2,0.4,1,0.01,3774.0,984.0
10,50,0.2,0.7,0,0.01,1870.0,716.0
10,50,0.2,0.7,0.1,0.01,2288.0,977.0
10,50,0.2,0.7,0.4,0.01,4363.0,867.0
10,50,0.2,0.7,0.7,0.01,4166.0,926.0
10,50,0.2,0.7,1,0.01,5748.0,927.0
10,50,0.2,1,0,0.01,1870.0,716.0
10,50,0.2,1,0.1,0.01,2570.0,788.0
10,50,0.2,1,0.4,0.01,4910.0,965.0
10,50,0.2,1,0.7,0.01,5146.0,969.0
10,50,0.2,1,1,0.01,3088.0,892.0
10,50,0.25,0,0,0.01,1870.0,716.0
10,50,0.25,0,0.1,0.01,1986.0,993.0
10,50,0.25,0,0.4,0.01,3332.0,947.0
10,50,0.25,0,0.7,0.01,2775.0,944.0
10,50,0.25,0,1,0.01,3995.0,951.0
10,50,0.25,0.1,0,0.01,1870.0,716.0
10,50,0.25,0.1,0.1,0.01,2286.0,964.0
10,50,0.25,0.1,0.4,0.01,3705.0,918.0
10,50,0.25,0.1,0.7,0.01,6096.0,960.0
10,50,0.25,0.1,1,0.01,4392.0,937.0
10,50,0.25,0.4,0,0.01,1870.0,716.0
10,50,0.25,0.4,0.1,0.01,3418.0,948.0
10,50,0.25,0.4,0.4,0.01,3720.0,979.0
10,50,0.25,0.4,0.7,0.01,3755.0,995.0
10,50,0.25,0.4,1,0.01,3774.0,984.0
10,50,0.25,0.7,0,0.01,1870.0,716.0
10,50,0.25,0.7,0.1,0.01,2288.0,977.0
10,50,0.25,0.7,0.4,0.01,4363.0,867.0
10,50,0.25,0.7,0.7,0.01,4166.0,926.0
10,50,0.25,0.7,1,0.01,5748.0,927.0
10,50,0.25,1,0,0.01,1870.0,716.0
10,50,0.25,1,0.1,0.01,2570.0,788.0
10,50,0.25,1,0.4,0.01,4910.0,965.0
10,50,0.25,1,0.7,0.01,5146.0,969.0
10,50,0.25,1,1,0.01,3088.0,892.0
10,50,0.3,0,0,0.01,1870.0,716.0
10,50,0.3,0,0.1,0.01,1986.0,993.0
10,50,0.3,0,0.4,0.01,3332.0,947.0
10,50,0.3,0,0.7,0.01,2775.0,944.0
10,50,0.3,0,1,0.01,3995.0,951.0
10,50,0.3,0.1,0,0.01,1870.0,716.0
10,50,0.3,0.1,0.1,0.01,2286.0,964.0
10,50,0.3,0.1,0.4,0.01,3705.0,918.0
10,50,0.3,0.1,0.7,0.01,6096.0,960.0
10,50,0.3,0.1,1,0.01,4392.0,937.0
10,50,0.3,0.4,0,0.01,1870.0,716.0
10,50,0.3,0.4,0.1,0.01,3418.0,948.0
10,50,0.3,0.4,0.4,0.01,3720.0,979.0
10,50,0.3,0.4,0.7,0.01,3755.0,995.0
10,50,0.3,0.4,1,0.01,3774.0,984.0
10,50,0.3,0.7,0,0.01,1870.0,716.0
10,50,0.3,0.7,0.1,0.01,2288.0,977.0
10,50,0.3,0.7,0.4,0.01,4363.0,867.0
10,50,0.3,0.7,0.7,0.01,4166.0,926.0
10,50,0.3,0.7,1,0.01,5748.0,927.0
10,50,0.3,1,0,0.01,1870.0,716.0
10,50,0.3,1,0.1,0.01,2570.0,788.0
10,50,0.3,1,0.4,0.01,4910.0,965.0
10,50,0.3,1,0.7,0.01,5146.0,969.0
10,50,0.3,1,1,0.01,3088.0,892.0
10,100,0.05,0,0,0.01,1870.0,716.0
10,100,0.05,0,0.1,0.01,0.0,28236.0
10,100,0.05,0,0.4,0.01,0.0,23608.0
10,100,0.05,0,0.7,0.01,0.0,26213.0
10,100,0.05,0,1,0.01,0.0,27076.0
10,100,0.05,0.1,0,0.01,1870.0,716.0
10,100,0.05,0.1,0.1,0.01,0.0,24911.0
10,100,0.05,0.1,0.4,0.01,0.0,30535.0
10,100,0.05,0.1,0.7,0.01,0.0,24699.0
10,100,0.05,0.1,1,0.01,0.0,20287.0
10,100,0.05,0.4,0,0.01,1870.0,716.0
10,100,0.05,0.4,0.1,0.01,0.0,25984.0
10,100,0.05,0.4,0.4,0.01,0.0,23290.0
10,100,0.05,0.4,0.7,0.01,0.0,24751.0
10,100,0.05,0.4,1,0.01,0.0,18553.0
10,100,0.05,0.7,0,0.01,1870.0,716.0
10,100,0.05,0.7,0.1,0.01,2871.0,923.0
10,100,0.05,0.7,0.4,0.01,0.0,23753.0
10,100,0.05,0.7,0.7,0.01,0.0,28741.0
10,100,0.05,0.7,1,0.01,0.0,22980.0
10,100,0.05,1,0,0.01,0.0,25525.0
10,100,0.05,1,0.1,0.01,2718.0,926.0
10,100,0.05,1,0.4,0.01,0.0,25201.0
10,100,0.05,1,0.7,0.01,0.0,26490.0
10,100,0.05,1,1,0.01,0.0,22472.0
10,100,0.1,0,0,0.01,1870.0,716.0
10,100,0.1,0,0.1,0.01,0.0,28236.0
10,100,0.1,0,0.4,0.01,0.0,23608.0
10,100,0.1,0,0.7,0.01,0.0,26213.0
10,100,0.1,0,1,0.01,0.0,27076.0
10,100,0.1,0.1,0,0.01,1870.0,716.0
10,100,0.1,0.1,0.1,0.01,0.0,24911.0
10,100,0.1,0.1,0.4,0.01,0.0,30535.0
10,100,0.1,0.1,0.7,0.01,0.0,24699.0
10,100,0.1,0.1,1,0.01,0.0,20287.0
10,100,0.1,0.4,0,0.01,1870.0,716.0
10,100,0.1,0.4,0.1,0.01,0.0,25984.0
10,100,0.1,0.4,0.4,0.01,0.0,23290.0
10,100,0.1,0.4,0.7,0.01,0.0,24751.0
10,100,0.1,0.4,1,0.01,0.0,18553.0
10,100,0.1,0.7,0,0.01,1870.0,716.0
10,100,0.1,0.7,0.1,0.01,2871.0,923.0
10,100,0.1,0.7,0.4,0.01,0.0,23753.0
10,100,0.1,0.7,0.7,0.01,0.0,28741.0
10,100,0.1,0.7,1,0.01,0.0,22980.0
10,100,0.1,1,0,0.01,0.0,25525.0
10,100,0.1,1,0.1,0.01,2718.0,926.0
10,100,0.1,1,0.4,0.01,0.0,25201.0
10,100,0.1,1,0.7,0.01,0.0,26490.0
10,100,0.1,1,1,0.01,0.0,22472.0
10,100,0.15,0,0,0.01,1870.0,716.0
10,100,0.15,0,0.1,0.01,0.0,28236.0
10,100,0.15,0,0.4,0.01,0.0,23608.0
10,100,0.15,0,0.7,0.01,0.0,26213.0
10,100,0.15,0,1,0.01,0.0,27076.0
10,100,0.15,0.1,0,0.01,1870.0,716.0
10,100,0.15,0.1,0.1,0.01,0.0,24911.0
10,100,0.15,0.1,0.4,0.01,0.0,30535.0
10,100,0.15,0.1,0.7,0.01,0.0,24699.0
10,100,0.15,0.1,1,0.01,0.0,20287.0
10,100,0.15,0.4,0,0.01,1870.0,716.0
10,100,0.15,0.4,0.1,0.01,0.0,25984.0
10,100,0.15,0.4,0.4,0.01,0.0,23290.0
10,100,0.15,0.4,0.7,0.01,0.0,24751.0
10,100,0.15,0.4,1,0.01,0.0,18553.0
10,100,0.15,0.7,0,0.01,1870.0,716.0
10,100,0.15,0.7,0.1,0.01,2871.0,923.0
10,100,0.15,0.7,0.4,0.01,0.0,23753.0
10,100,0.15,0.7,0.7,0.01,0.0,28741.0
10,100,0.15,0.7,1,0.01,0.0,22980.0
10,100,0.15,1,0,0.01,0.0,25525.0
10,100,0.15,1,0.1,0.01,2718.0,926.0
10,100,0.15,1,0.4,0.01,0.0,25201.0
10,100,0.15,1,0.7,0.01,0.0,26490.0
10,100,0.15,1,1,0.01,0.0,22472.0
10,100,0.2,0,0,0.01,1870.0,716.0
10,100,0.2,0,0.1,0.01,1986.0,993.0
10,100,0.2,0,0.4,0.01,3332.0,947.0
10,100,0.2,0,0.7,0.01,2775.0,944.0
10,100,0.2,0,1,0.01,4719.0,980.0
10,100,0.2,0.1,0,0.01,1870.0,716.0
10,100,0.2,0.1,0.1,0.01,3010.0,993.0
10,100,0.2,0.1,0.4,0.01,4346.0,964.0
10,100,0.2,0.1,0.7,0.01,7439.0,919.0
10,100,0.2,0.1,1,0.01,4392.0,937.0
10,100,0.2,0.4,0,0.01,1870.0,716.0
10,100,0.2,0.4,0.1,0.01,3418.0,948.0
10,100,0.2,0.4,0.4,0.01,4511.0,988.0
10,100,0.2,0.4,0.7,0.01,3778.0,968.0
10,100,0.2,0.4,1,0.01,4554.0,860.0
10,100,0.2,0.7,0,0.01,1870.0,716.0
10,100,0.2,0.7,0.1,0.01,2288.0,977.0
10,100,0.2,0.7,0.4,0.01,5854.0,948.0
10,100,0.2,0.7,0.7,0.01,5791.0,916.0
10,100,0.2,0.7,1,0.01,6205.0,970.0
10,100,0.2,1,0,0.01,1870.0,716.0
10,100,0.2,1,0.1,0.01,4995.0,992.0
10,100,0.2,1,0.4,0.01,4910.0,965.0
10,100,0.2,1,0.7,0.01,5485.0,959.0
10,100,0.2,1,1,0.01,3812.0,921.0
10,100,0.25,0,0,0.01,1870.0,716.0
10,100,0.25,0,0.1,0.01,1986.0,993.0
10,100,0.25,0,0.4,0.01,3332.0,947.0
10,100,0.25,0,0.7,0.01,2775.0,944.0
10,100,0.25,0,1,0.01,4719.0,980.0
10,100,0.25,0.1,0,0.01,1870.0,716.0
10,100,0.25,0.1,0.1,0.01,3010.0,993.0
10,100,0.25,0.1,0.4,0.01,4346.0,964.0
10,100,0.25,0.1,0.7,0.01,7439.0,919.0
10,100,0.25,0.1,1,0.01,4392.0,937.0
10,100,0.25,0.4,0,0.01,1870.0,716.0
10,100,0.25,0.4,0.1,0.01,3418.0,948.0
10,100,0.25,0.4,0.4,0.01,4511.0,988.0
10,100,0.25,0.4,0.7,0.01,3778.0,968.0
10,100,0.25,0.4,1,0.01,4554.0,860.0
10,100,0.25,0.7,0,0.01,1870.0,716.0
10,100,0.25,0.7,0.1,0.01,2288.0,977.0
10,100,0.25,0.7,0.4,0.01,5854.0,948.0
10,100,0.25,0.7,0.7,0.01,5791.0,916.0
10,100,0.25,0.7,1,0.01,6205.0,970.0
10,100,0.25,1,0,0.01,1870.0,716.0
10,100,0.25,1,0.1,0.01,4995.0,992.0
10,100,0.25,1,0.4,0.01,4910.0,965.0
10,100,0.25,1,0.7,0.01,5485.0,959.0
10,100,0.25,1,1,0.01,3812.0,921.0
10,100,0.3,0,0,0.01,1870.0,716.0
10,100,0.3,0,0.1,0.01,1986.0,993.0
10,100,0.3,0,0.4,0.01,3332.0,947.0
10,100,0.3,0,0.7,0.01,2775.0,944.0
10,100,0.3,0,1,0.01,4719.0,980.0
10,100,0.3,0.1,0,0.01,1870.0,716.0
10,100,0.3,0.1,0.1,0.01,3010.0,993.0
10,100,0.3,0.1,0.4,0.01,4346.0,964.0
10,100,0.3,0.1,0.7,0.01,7439.0,919.0
10,100,0.3,0.1,1,0.01,4392.0,937.0
10,100,0.3,0.4,0,0.01,1870.0,716.0
10,100,0.3,0.4,0.1,0.01,3418.0,948.0
10,100,0.3,0.4,0.4,0.01,4511.0,988.0
10,100,0.3,0.4,0.7,0.01,3778.0,968.0
10,100,0.3,0.4,1,0.01,4554.0,860.0
10,100,0.3,0.7,0,0.01,1870.0,716.0
10,100,0.3,0.7,0.1,0.01,2288.0,977.0
10,100,0.3,0.7,0.4,0.01,5854.0,948.0
10,100,0.3,0.7,0.7,0.01,5791.0,916.0
10,100,0.3,0.7,1,0.01,6205.0,970.0
10,100,0.3,1,0,0.01,1870.0,716.0
10,100,0.3,1,0.1,0.01,4995.0,992.0
10,100,0.3,1,0.4,0.01,4910.0,965.0
10,100,0.3,1,0.7,0.01,5485.0,959.0
10,100,0.3,1,1,0.01,3812.0,921.0
10,120,0.05,0,0,0.01,1870.0,716.0
10,120,0.05,0,0.1,0.01,0.0,34030.0
10,120,0.05,0,0.4,0.01,0.0,24355.0
10,120,0.05,0,0.7,0.01,0.0,24419.0
10,120,0.05,0,1,0.01,0.0,28428.0
10,120,0.05,0.1,0,0.01,1870.0,716.0
10,120,0.05,0.1,0.1,0.01,0.0,20032.0
10,120,0.05,0.1,0.4,0.01,0.0,25605.0
10,120,0.05,0.1,0.7,0.01,0.0,21434.0
10,120,0.05,0.1,1,0.01,0.0,25096.0
10,120,0.05,0.4,0,0.01,1870.0,716.0
10,120,0.05,0.4,0.1,0.01,0.0,22002.0
10,120,0.05,0.4,0.4,0.01,0.0,29249.0
10,120,0.05,0.4,0.7,0.01,0.0,24443.0
10,120,0.05,0.4,1,0.01,0.0,23928.0
10,120,0.05,0.7,0,0.01,1870.0,716.0
10,120,0.05,0.7,0.1,0.01,2871.0,923.0
10,120,0.05,0.7,0.4,0.01,0.0,23704.0
10,120,0.05,0.7,0.7,0.01,0.0,26422.0
10,120,0.05,0.7,1,0.01,0.0,27290.0
10,120,0.05,1,0,0.01,0.0,21350.0
10,120,0.05,1,0.1,0.01,2718.0,926.0
10,120,0.05,1,0.4,0.01,0.0,21567.0
10,120,0.05,1,0.7,0.01,0.0,27092.0
10,120,0.05,1,1,0.01,0.0,25138.0
10,120,0.1,0,0,0.01,1870.0,716.0
10,120,0.1,0,0.1,0.01,0.0,34030.0
10,120,0.1,0,0.4,0.01,0.0,24355.0
10,120,0.1,0,0.7,0.01,0.0,24419.0
10,120,0.1,0,1,0.01,0.0,28428.0
10,120,0.1,0.1,0,0.01,1870.0,716.0
10,120,0.1,0.1,0.1,0.01,0.0,20032.0
10,120,0.1,0.1,0.4,0.01,0.0,25605.0
10,120,0.1,0.1,0.7,0.01,0.0,21434.0
10,120,0.1,0.1,1,0.01,0.0,25096.0
10,120,0.1,0.4,0,0.01,1870.0,716.0
10,120,0.1,0.4,0.1,0.01,0.0,22002.0
10,120,0.1,0.4,0.4,0.01,0.0,29249.0
10,120,0.1,0.4,0.7,0.01,0.0,24443.0
10,120,0.1,0.4,1,0.01,0.0,23928.0
10,120,0.1,0.7,0,0.01,1870.0,716.0
10,120,0.1,0.7,0.1,0.01,2871.0,923.0
10,120,0.1,0.7,0.4,0.01,0.0,23704.0
10,120,0.1,0.7,0.7,0.01,0.0,26422.0
10,120,0.1,0.7,1,0.01,0.0,27290.0
10,120,0.1,1,0,0.01,0.0,21350.0
10,120,0.1,1,0.1,0.01,2718.0,926.0
10,120,0.1,1,0.4,0.01,0.0,21567.0
10,120,0.1,1,0.7,0.01,0.0,27092.0
10,120,0.1,1,1,0.01,0.0,25138.0
10,120,0.15,0,0,0.01,1870.0,716.0
10,120,0.15,0,0.1,0.01,0.0,34030.0
10,120,0.15,0,0.4,0.01,0.0,24355.0
10,120,0.15,0,0.7,0.01,0.0,24419.0
10,120,0.15,0,1,0.01,0.0,28428.0
10,120,0.15,0.1,0,0.01,1870.0,716.0
10,120,0.15,0.1,0.1,0.01,0.0,20032.0
10,120,0.15,0.1,0.4,0.01,0.0,25605.0
10,120,0.15,0.1,0.7,0.01,0.0,21434.0
10,120,0.15,0.1,1,0.01,0.0,25096.0
10,120,0.15,0.4,0,0.01,1870.0,716.0
10,120,0.15,0.4,0.1,0.01,0.0,22002.0
10,120,0.15,0.4,0.4,0.01,0.0,29249.0
10,120,0.15,0.4,0.7,0.01,0.0,24443.0
10,120,0.15,0.4,1,0.01,0.0,23928.0
10,120,0.15,0.7,0,0.01,1870.0,716.0
10,120,0.15,0.7,0.1,0.01,2871.0,923.0
10,120,0.15,0.7,0.4,0.01,0.0,23704.0
10,120,0.15,0.7,0.7,0.01,0.0,26422.0
10,120,0.15,0.7,1,0.01,0.0,27290.0
10,120,0.15,1,0,0.01,0.0,21350.0
10,120,0.15,1,0.1,0.01,2718.0,926.0
10,120,0.15,1,0.4,0.01,0.0,21567.0
10,120,0.15,1,0.7,0.01,0.0,27092.0
10,120,0.15,1,1,0.01,0.0,25138.0
10,120,0.2,0,0,0.01,1870.0,716.0
10,120,0.2,0,0.1,0.01,1986.0,993.0
10,120,0.2,0,0.4,0.01,3463.0,912.0
10,120,0.2,0,0.7,0.01,3499.0,973.0
10,120,0.2,0,1,0.01,4813.0,990.0
10,120,0.2,0.1,0,0.01,1870.0,716.0
10,120,0.2,0.1,0.1,0.01,3010.0,993.0
10,120,0.2,0.1,0.4,0.01,4346.0,964.0
10,120,0.2,0.1,0.7,0.01,7607.0,830.0
10,120,0.2,0.1,1,0.01,6456.0,978.0
10,120,0.2,0.4,0,0.01,1870.0,716.0
10,120,0.2,0.4,0.1,0.01,3418.0,948.0
10,120,0.2,0.4,0.4,0.01,4511.0,988.0
10,120,0.2,0.4,0.7,0.01,5054.0,902.0
10,120,0.2,0.4,1,0.01,5280.0,958.0
10,120,0.2,0.7,0,0.01,1870.0,716.0
10,120,0.2,0.7,0.1,0.01,2288.0,977.0
10,120,0.2,0.7,0.4,0.01,5854.0,948.0
10,120,0.2,0.7,0.7,0.01,5791.0,916.0
10,120,0.2,0.7,1,0.01,6205.0,970.0
10,120,0.2,1,0,0.01,1870.0,716.0
10,120,0.2,1,0.1,0.01,4995.0,992.0
10,120,0.2,1,0.4,0.01,4910.0,965.0
10,120,0.2,1,0.7,0.01,5485.0,959.0
10,120,0.2,1,1,0.01,4453.0,967.0
10,120,0.25,0,0,0.01,1870.0,716.0
10,120,0.25,0,0.1,0.01,1986.0,993.0
10,120,0.25,0,0.4,0.01,3463.0,912.0
10,120,0.25,0,0.7,0.01,3499.0,973.0
10,120,0.25,0,1,0.01,4813.0,990.0
10,120,0.25,0.1,0,0.01,1870.0,716.0
10,120,0.25,0.1,0.1,0.01,3010.0,993.0
10,120,0.25,0.1,0.4,0.01,4346.0,964.0
10,120,0.25,0.1,0.7,0.01,7607.0,830.0
10,120,0.25,0.1,1,0.01,6456.0,978.0
10,120,0.25,0.4,0,0.01,1870.0,716.0
10,120,0.25,0.4,0.1,0.01,3418.0,948.0
10,120,0.25,0.4,0.4,0.01,4511.0,988.0
10,120,0.25,0.4,0.7,0.01,5054.0,902.0
10,120,0.25,0.4,1,0.01,5280.0,958.0
10,120,0.25,0.7,0,0.01,1870.0,716.0
10,120,0.25,0.7,0.1,0.01,2288.0,977.0
10,120,0.25,0.7,0.4,0.01,5854.0,948.0
10,120,0.25,0.7,0.7,0.01,5791.0,916.0
10,120,0.25,0.7,1,0.01,6205.0,970.0
10,120,0.25,1,0,0.01,1870.0,716.0
10,120,0.25,1,0.1,0.01,4995.0,992.0
10,120,0.25,1,0.4,0.01,4910.0,965.0
10,120,0.25,1,0.7,0.01,5485.0,959.0
10,120,0.25,1,1,0.01,4453.0,967.0
10,120,0.3,0,0,0.01,1870.0,716.0
10,120,0.3,0,0.1,0.01,1986.0,993.0
10,120,0.3,0,0.4,0.01,3463.0,912.0
10,120,0.3,0,0.7,0.01,3499.0,973.0
10,120,0.3,0,1,0.01,4813.0,990.0
10,120,0.3,0.1,0,0.01,1870.0,716.0
10,120,0.3,0.1,0.1,0.01,3010.0,993.0
10,120,0.3,0.1,0.4,0.01,4346.0,964.0
10,120,0.3,0.1,0.7,0.01,7607.0,830.0
10,120,0.3,0.1,1,0.01,6456.0,978.0
10,120,0.3,0.4,0,0.01,1870.0,716.0
10,120,0.3,0.4,0.1,0.01,3418.0,948.0
10,120,0.3,0.4,0.4,0.01,4511.0,988.0
10,120,0.3,0.4,0.7,0.01,5054.0,902.0
10,120,0.3,0.4,1,0.01,5280.0,958.0
10,120,0.3,0.7,0,0.01,1870.0,716.0
10,120,0.3,0.7,0.1,0.01,2288.0,977.0
10,120,0.3,0.7,0.4,0.01,5854.0,948.0
10,120,0.3,0.7,0.7,0.01,5791.0,916.0
10,120,0.3,0.7,1,0.01,6205.0,970.0
10,120,0.3,1,0,0.01,1870.0,716.0
10,120,0.3,1,0.1,0.01,4995.0,992.0
10,120,0.3,1,0.4,0.01,4910.0,965.0
10,120,0.3,1,0.7,0.01,5485.0,959.0
10,120,0.3,1,1,0.01,4453.0,967.0
50,10,0.05,0,0,0.01,1870.0,716.0
50,10,0.05,0,0.1,0.01,2638.0,873.0
50,10,0.05,0,0.4,0.01,3237.0,910.0
50,10,0.05,0,0.7,0.01,2596.0,947.0
50,10,0.05,0,1,0.01,2282.0,681.0
50,10,0.05,0.1,0,0.01,1870.0,716.0
50,10,0.05,0.1,0.1,0.01,2289.0,861.0
50,10,0.05,0.1,0.4,0.01,3772.0,936.0
50,10,0.05,0.1,0.7,0.01,3079.0,664.0
50,10,0.05,0.1,1,0.01,2373.0,696.0
50,10,0.05,0.4,0,0.01,1870.0,716.0
50,10,0.05,0.4,0.1,0.01,2867.0,915.0
50,10,0.05,0.4,0.4,0.01,2003.0,788.0
50,10,0.05,0.4,0.7,0.01,4756.0,951.0
50,10,0.05,0.4,1,0.01,4005.0,822.0
50,10,0.05,0.7,0,0.01,3868.0,915.0
50,10,0.05,0.7,0.1,0.01,3652.0,925.0
50,10,0.05,0.7,0.4,0.01,3425.0,990.0
50,10,0.05,0.7,0.7,0.01,3058.0,973.0
50,10,0.05,0.7,1,0.01,3253.0,899.0
50,10,0.05,1,0,0.01,2199.0,462.0
50,10,0.05,1,0.1,0.01,2493.0,728.0
50,10,0.05,1,0.4,0.01,2852.0,850.0
50,10,0.05,1,0.7,0.01,2245.0,331.0
50,10,0.05,1,1,0.01,2261.0,625.0
50,10,0.1,0,0,0.01,1870.0,716.0
50,10,0.1,0,0.1,0.01,3108.0,941.0
50,10,0.1,0,0.4,0.01,3146.0,964.0
50,10,0.1,0,0.7,0.01,4408.0,870.0
50,10,0.1,0,1,0.01,2664.0,732.0
50,10,0.1,0.1,0,0.01,1870.0,716.0
50,10,0.1,0.1,0.1,0.01,3912.0,934.0
50,10,0.1,0.1,0.4,0.01,4229.0,923.0
50,10,0.1,0.1,0.7,0.01,2632.0,958.0
50,10,0.1,0.1,1,0.01,3354.0,813.0
50,10,0.1,0.4,0,0.01,1870.0,716.0
50,10,0.1,0.4,0.1,0.01,2664.0,741.0
50,10,0.1,0.4,0.4,0.01,2894.0,864.0
50,10,0.1,0.4,0.7,0.01,3157.0,978.0
50,10,0.1,0.4,1,0.01,2958.0,817.0
50,10,0.1,0.7,0,0.01,1870.0,716.0
50,10,0.1,0.7,0.1,0.01,1870.0,716.0
50,10,0.1,0.7,0.4,0.01,3062.0,931.0
50,10,0.1,0.7,0.7,0.01,3802.0,459.0
50,10,0.1,0.7,1,0.01,3358.0,680.0
50,10,0.1,1,0,0.01,3409.0,723.0
50,10,0.1,1,0.1,0.01,2986.0,816.0
50,10,0.1,1,0.4,0.01,3284.0,737.0
50,10,0.1,1,0.7,0.01,3426.0,735.0
50,10,0.1,1,1,0.01,2241.0,961.0
50,10,0.15,0,0,0.01,1870.0,716.0
50,10,0.15,0,0.1,0.01,2172.0,958.0
50,10,0.15,0,0.4,0.01,3052.0,866.0
50,10,0.15,0,0.7,0.01,3357.0,814.0
50,10,0.15,0,1,0.01,2715.0,969.0
50,10,0.15,0.1,0,0.01,1870.0,716.0
50,10,0.15,0.1,0.1,0.01,3219.0,826.0
50,10,0.15,0.1,0.4,0.01,4566.0,984.0
50,10,0.15,0.1,0.7,0.01,4109.0,983.0
50,10,0.15,0.1,1,0.01,4070.0,967.0
50,10,0.15,0.4,0,0.01,1884.0,421.0
50,10,0.15,0.4,0.1,0.01,3578.0,903.0
50,10,0.15,0.4,0.4,0.01,4173.0,773.0
50,10,0.15,0.4,0.7,0.01,4540.0,911.0
50,10,0.15,0.4,1,0.01,4156.0,760.0
50,10,0.15,0.7,0,0.01,1870.0,716.0
50,10,0.15,0.7,0.1,0.01,2854.0,796.0
50,10,0.15,0.7,0.4,0.01,3378.0,854.0
50,10,0.15,0.7,0.7,0.01,4679.0,956.0
50,10,0.15,0.7,1,0.01,3556.0,974.0
50,10,0.15,1,0,0.01,1951.0,545.0
50,10,0.15,1,0.1,0.01,2778.0,908.0
50,10,0.15,1,0.4,0.01,3892.0,545.0
50,10,0.15,1,0.7,0.01,3343.0,914.0
50,10,0.15,1,1,0.01,3327.0,944.0
50,10,0.2,0,0,0.01,1870.0,716.0
50,10,0.2,0,0.1,0.01,3017.0,335.0
50,10,0.2,0,0.4,0.01,3332.0,918.0
50,10,0.2,0,0.7,0.01,3030.0,933.0
50,10,0.2,0,1,0.01,5021.0,674.0
50,10,0.2,0.1,0,0.01,1870.0,716.0
50,10,0.2,0.1,0.1,0.01,2552.0,977.0
50,10,0.2,0.1,0.4,0.01,3195.0,989.0
50,10,0.2,0.1,0.7,0.01,2597.0,820.0
50,10,0.2,0.1,1,0.01,3137.0,992.0
50,10,0.2,0.4,0,0.01,1870.0,716.0
50,10,0.2,0.4,0.1,0.01,3663.0,816.0
50,10,0.2,0.4,0.4,0.01,3492.0,929.0
50,10,0.2,0.4,0.7,0.01,3367.0,866.0
50,10,0.2,0.4,1,0.01,4030.0,864.0
50,10,0.2,0.7,0,0.01,2608.0,429.0
50,10,0.2,0.7,0.1,0.01,3021.0,629.0
50,10,0.2,0.7,0.4,0.01,2670.0,806.0
50,10,0.2,0.7,0.7,0.01,4093.0,891.0
50,10,0.2,0.7,1,0.01,3788.0,872.0
50,10,0.2,1,0,0.01,1870.0,716.0
50,10,0.2,1,0.1,0.01,3891.0,473.0
50,10,0.2,1,0.4,0.01,3218.0,664.0
50,10,0.2,1,0.7,0.01,4776.0,950.0
50,10,0.2,1,1,0.01,3739.0,963.0
50,10,0.25,0,0,0.01,1870.0,716.0
50,10,0.25,0,0.1,0.01,3654.0,985.0
50,10,0.25,0,0.4,0.01,2668.0,926.0
50,10,0.25,0,0.7,0.01,3539.0,987.0
50,10,0.25,0,1,0.01,3227.0,790.0
50,10,0.25,0.1,0,0.01,1870.0,716.0
50,10,0.25,0.1,0.1,0.01,2928.0,845.0
50,10,0.25,0.1,0.4,0.01,3411.0,976.0
50,10,0.25,0.1,0.7,0.01,3423.0,903.0
50,10,0.25,0.1,1,0.01,2910.0,766.0
50,10,0.25,0.4,0,0.01,1870.0,716.0
50,10,0.25,0.4,0.1,0.01,2164.0,989.0
50,10,0.25,0.4,0.4,0.01,3614.0,665.0
50,10,0.25,0.4,0.7,0.01,4090.0,936.0
50,10,0.25,0.4,1,0.01,4894.0,773.0
50,10,0.25,0.7,0,0.01,1907.0,329.0
50,10,0.25,0.7,0.1,0.01,3361.0,929.0
50,10,0.25,0.7,0.4,0.01,3094.0,901.0
50,10,0.25,0.7,0.7,0.01,3652.0,817.0
50,10,0.25,0.7,1,0.01,4563.0,793.0
50,10,0.25,1,0,0.01,2895.0,859.0
50,10,0.25,1,0.1,0.01,2683.0,767.0
50,10,0.25,1,0.4,0.01,4188.0,925.0
50,10,0.25,1,0.7,0.01,3690.0,954.0
50,10,0.25,1,1,0.01,3628.0,720.0
50,10,0.3,0,0,0.01,1870.0,716.0
50,10,0.3,0,0.1,0.01,2577.0,958.0
50,10,0.3,0,0.4,0.01,2427.0,929.0
50,10,0.3,0,0.7,0.01,3300.0,943.0
50,10,0.3,0,1,0.01,4514.0,917.0
50,10,0.3,0.1,0,0.01,1870.0,716.0
50,10,0.3,0.1,0.1,0.01,2596.0,814.0
50,10,0.3,0.1,0.4,0.01,3645.0,954.0
50,10,0.3,0.1,0.7,0.01,4356.0,981.0
50,10,0.3,0.1,1,0.01,4363.0,920.0
50,10,0.3,0.4,0,0.01,1870.0,716.0
50,10,0.3,0.4,0.1,0.01,3468.0,908.0
50,10,0.3,0.4,0.4,0.01,4949.0,702.0
50,10,0.3,0.4,0.7,0.01,3652.0,951.0
50,10,0.3,0.4,1,0.01,4128.0,884.0
50,10,0.3,0.7,0,0.01,1870.0,716.0
50,10,0.3,0.7,0.1,0.01,3595.0,967.0
50,10,0.3,0.7,0.4,0.01,3298.0,817.0
50,10,0.3,0.7,0.7,0.01,4216.0,953.0
50,10,0.3,0.7,1,0.01,3012.0,865.0
50,10,0.3,1,0,0.01,3004.0,493.0
50,10,0.3,1,0.1,0.01,2600.0,467.0
50,10,0.3,1,0.4,0.01,3661.0,803.0
50,10,0.3,1,0.7,0.01,4171.0,963.0
50,10,0.3,1,1,0.01,3352.0,901.0
50,50,0.05,0,0,0.01,1870.0,716.0
50,50,0.05,0,0.1,0.01,4026.0,986.0
50,50,0.05,0,0.4,0.01,3237.0,910.0
50,50,0.05,0,0.7,0.01,3053.0,990.0
50,50,0.05,0,1,0.01,5223.0,995.0
50,50,0.05,0.1,0,0.01,1870.0,716.0
50,50,0.05,0.1,0.1,0.01,2914.0,909.0
50,50,0.05,0.1,0.4,0.01,5022.0,965.0
50,50,0.05,0.1,0.7,0.01,3786.0,906.0
50,50,0.05,0.1,1,0.01,3968.0,989.0
50,50,0.05,0.4,0,0.01,1870.0,716.0
50,50,0.05,0.4,0.1,0.01,5416.0,982.0
50,50,0.05,0.4,0.4,0.01,3699.0,914.0
50,50,0.05,0.4,0.7,0.01,4756.0,951.0
50,50,0.05,0.4,1,0.01,4118.0,945.0
50,50,0.05,0.7,0,0.01,3868.0,915.0
50,50,0.05,0.7,0.1,0.01,4900.0,977.0
50,50,0.05,0.7,0.4,0.01,3425.0,990.0
50,50,0.05,0.7,0.7,0.01,3058.0,973.0
50,50,0.05,0.7,1,0.01,4351.0,988.0
50,50,0.05,1,0,0.01,2199.0,462.0
50,50,0.05,1,0.1,0.01,5089.0,945.0
50,50,0.05,1,0.4,0.01,3760.0,947.0
50,50,0.05,1,0.7,0.01,2801.0,786.0
50,50,0.05,1,1,0.01,2261.0,625.0
50,50,0.1,0,0,0.01,1870.0,716.0
50,50,0.1,0,0.1,0.01,3899.0,950.0
50,50,0.1,0,0.4,0.01,3870.0,993.0
50,50,0.1,0,0.7,0.01,5796.0,983.0
50,50,0.1,0,1,0.01,5023.0,900.0
50,50,0.1,0.1,0,0.01,1870.0,716.0
50,50,0.1,0.1,0.1,0.01,4807.0,990.0
50,50,0.1,0.1,0.4,0.01,5160.0,993.0
50,50,0.1,0.1,0.7,0.01,2632.0,958.0
50,50,0.1,0.1,1,0.01,6960.0,983.0
50,50,0.1,0.4,0,0.01,1870.0,716.0
50,50,0.1,0.4,0.1,0.01,4428.0,988.0
50,50,0.1,0.4,0.4,0.01,4663.0,922.0
50,50,0.1,0.4,0.7,0.01,5133.0,984.0
50,50,0.1,0.4,1,0.01,5240.0,964.0
50,50,0.1,0.7,0,0.01,1870.0,716.0
50,50,0.1,0.7,0.1,0.01,4902.0,988.0
50,50,0.1,0.7,0.4,0.01,5624.0,834.0
50,50,0.1,0.7,0.7,0.01,6814.0,990.0
50,50,0.1,0.7,1,0.01,5425.0,971.0
50,50,0.1,1,0,0.01,3409.0,723.0
50,50,0.1,1,0.1,0.01,5402.0,939.0
50,50,0.1,1,0.4,0.01,3465.0,825.0
50,50,0.1,1,0.7,0.01,4226.0,825.0
50,50,0.1,1,1,0.01,3896.0,848.0
50,50,0.15,0,0,0.01,1870.0,716.0
50,50,0.15,0,0.1,0.01,2963.0,967.0
50,50,0.15,0,0.4,0.01,5439.0,925.0
50,50,0.15,0,0.7,0.01,4626.0,993.0
50,50,0.15,0,1,0.01,4333.0,926.0
50,50,0.15,0.1,0,0.01,1870.0,716.0
50,50,0.15,0.1,0.1,0.01,4591.0,984.0
50,50,0.15,0.1,0.4,0.01,4733.0,843.0
50,50,0.15,0.1,0.7,0.01,4900.0,992.0
50,50,0.15,0.1,1,0.01,4333.0,935.0
50,50,0.15,0.4,0,0.01,1884.0,421.0
50,50,0.15,0.4,0.1,0.01,4509.0,973.0
50,50,0.15,0.4,0.4,0.01,5611.0,994.0
50,50,0.15,0.4,0.7,0.01,5721.0,983.0
50,50,0.15,0.4,1,0.01,5278.0,989.0
50,50,0.15,0.7,0,0.01,1870.0,716.0
50,50,0.15,0.7,0.1,0.01,3667.0,991.0
50,50,0.15,0.7,0.4,0.01,4433.0,991.0
50,50,0.15,0.7,0.7,0.01,5470.0,965.0
50,50,0.15,0.7,1,0.01,3556.0,974.0
50,50,0.15,1,0,0.01,1951.0,545.0
50,50,0.15,1,0.1,0.01,4331.0,981.0
50,50,0.15,1,0.4,0.01,6222.0,971.0
50,50,0.15,1,0.7,0.01,6195.0,933.0
50,50,0.15,1,1,0.01,5693.0,786.0
50,50,0.2,0,0,0.01,1870.0,716.0
50,50,0.2,0,0.1,0.01,3489.0,954.0
50,50,0.2,0,0.4,0.01,7876.0,983.0
50,50,0.2,0,0.7,0.01,4776.0,969.0
50,50,0.2,0,1,0.01,6547.0,960.0
50,50,0.2,0.1,0,0.01,1870.0,716.0
50,50,0.2,0.1,0.1,0.01,3343.0,986.0
50,50,0.2,0.1,0.4,0.01,4388.0,964.0
50,50,0.2,0.1,0.7,0.01,4269.0,989.0
50,50,0.2,0.1,1,0.01,5256.0,875.0
50,50,0.2,0.4,0,0.01,1870.0,716.0
50,50,0.2,0.4,0.1,0.01,4330.0,938.0
50,50,0.2,0.4,0.4,0.01,5556.0,906.0
50,50,0.2,0.4,0.7,0.01,5813.0,974.0
50,50,0.2,0.4,1,0.01,5968.0,869.0
50,50,0.2,0.7,0,0.01,2608.0,429.0
50,50,0.2,0.7,0.1,0.01,4220.0,968.0
50,50,0.2,0.7,0.4,0.01,4530.0,953.0
50,50,0.2,0.7,0.7,0.01,7068.0,974.0
50,50,0.2,0.7,1,0.01,5688.0,878.0
50,50,0.2,1,0,0.01,2081.0,795.0
50,50,0.2,1,0.1,0.01,5127.0,973.0
50,50,0.2,1,0.4,0.01,5774.0,950.0
50,50,0.2,1,0.7,0.01,6291.0,988.0
50,50,0.2,1,1,0.01,5449.0,945.0
50,50,0.25,0,0,0.01,1870.0,716.0
50,50,0.25,0,0.1,0.01,3654.0,985.0
50,50,0.25,0,0.4,0.01,3392.0,955.0
50,50,0.25,0,0.7,0.01,6010.0,906.0
50,50,0.25,0,1,0.01,6223.0,953.0
50,50,0.25,0.1,0,0.01,1870.0,716.0
50,50,0.25,0.1,0.1,0.01,4774.0,991.0
50,50,0.25,0.1,0.4,0.01,4202.0,985.0
50,50,0.25,0.1,0.7,0.01,5364.0,899.0
50,50,0.25,0.1,1,0.01,5970.0,908.0
50,50,0.25,0.4,0,0.01,1870.0,716.0
50,50,0.25,0.4,0.1,0.01,2164.0,989.0
50,50,0.25,0.4,0.4,0.01,6550.0,944.0
50,50,0.25,0.4,0.7,0.01,8799.0,972.0
50,50,0.25,0.4,1,0.01,7147.0,966.0
50,50,0.25,0.7,0,0.01,1907.0,329.0
50,50,0.25,0.7,0.1,0.01,4004.0,902.0
50,50,0.25,0.7,0.4,0.01,7142.0,987.0
50,50,0.25,0.7,0.7,0.01,7455.0,966.0
50,50,0.25,0.7,1,0.01,6109.0,956.0
50,50,0.25,1,0,0.01,5341.0,967.0
50,50,0.25,1,0.1,0.01,3527.0,951.0
50,50,0.25,1,0.4,0.01,5368.0,980.0
50,50,0.25,1,0.7,0.01,5958.0,954.0
50,50,0.25,1,1,0.01,6000.0,976.0
50,50,0.3,0,0,0.01,1870.0,716.0
50,50,0.3,0,0.1,0.01,3301.0,987.0
50,50,0.3,0,0.4,0.01,3675.0,981.0
50,50,0.3,0,0.7,0.01,5034.0,992.0
50,50,0.3,0,1,0.01,5778.0,974.0
50,50,0.3,0.1,0,0.01,1870.0,716.0
50,50,0.3,0.1,0.1,0.01,3586.0,916.0
50,50,0.3,0.1,0.4,0.01,4734.0,979.0
50,50,0.3,0.1,0.7,0.01,5147.0,990.0
50,50,0.3,0.1,1,0.01,5728.0,995.0
50,50,0.3,0.4,0,0.01,1870.0,716.0
50,50,0.3,0.4,0.1,0.01,4983.0,946.0
50,50,0.3,0.4,0.4,0.01,7649.0,893.0
50,50,0.3,0.4,0.7,0.01,5167.0,989.0
50,50,0.3,0.4,1,0.01,5823.0,907.0
50,50,0.3,0.7,0,0.01,1870.0,716.0
50,50,0.3,0.7,0.1,0.01,4743.0,995.0
50,50,0.3,0.7,0.4,0.01,7275.0,853.0
50,50,0.3,0.7,0.7,0.01,6744.0,994.0
50,50,0.3,0.7,1,0.01,5227.0,975.0
50,50,0.3,1,0,0.01,3062.0,413.0
50,50,0.3,1,0.1,0.01,4268.0,928.0
50,50,0.3,1,0.4,0.01,8140.0,936.0
50,50,0.3,1,0.7,0.01,6780.0,940.0
50,50,0.3,1,1,0.01,6570.0,993.0
50,100,0.05,0,0,0.01,1870.0,716.0
50,100,0.05,0,0.1,0.01,4817.0,995.0
50,100,0.05,0,0.4,0.01,3694.0,953.0
50,100,0.05,0,0.7,0.01,3053.0,990.0
50,100,0.05,0,1,0.01,5223.0,995.0
50,100,0.05,0.1,0,0.01,1870.0,716.0
50,100,0.05,0.1,0.1,0.01,2914.0,909.0
50,100,0.05,0.1,0.4,0.01,5022.0,965.0
50,100,0.05,0.1,0.7,0.01,6603.0,989.0
50,100,0.05,0.1,1,0.01,5573.0,973.0
50,100,0.05,0.4,0,0.01,1870.0,716.0
50,100,0.05,0.4,0.1,0.01,7073.0,795.0
50,100,0.05,0.4,0.4,0.01,4630.0,984.0
50,100,0.05,0.4,0.7,0.01,5245.0,979.0
50,100,0.05,0.4,1,0.01,4909.0,954.0
50,100,0.05,0.7,0,0.01,3868.0,915.0
50,100,0.05,0.7,0.1,0.01,6418.0,965.0
50,100,0.05,0.7,0.4,0.01,4510.0,934.0
50,100,0.05,0.7,0.7,0.01,3058.0,973.0
50,100,0.05,0.7,1,0.01,4351.0,988.0
50,100,0.05,1,0,0.01,2199.0,462.0
50,100,0.05,1,0.1,0.01,5089.0,945.0
50,100,0.05,1,0.4,0.01,3760.0,947.0
50,100,0.05,1,0.7,0.01,2801.0,786.0
50,100,0.05,1,1,0.01,2261.0,625.0
50,100,0.1,0,0,0.01,1870.0,716.0
50,100,0.1,0,0.1,0.01,3899.0,950.0
50,100,0.1,0,0.4,0.01,3870.0,993.0
50,100,0.1,0,0.7,0.01,6587.0,992.0
50,100,0.1,0,1,0.01,5621.0,994.0
50,100,0.1,0.1,0,0.01,1870.0,716.0
50,100,0.1,0.1,0.1,0.01,4807.0,990.0
50,100,0.1,0.1,0.4,0.01,5160.0,993.0
50,100,0.1,0.1,0.7,0.01,3967.0,946.0
50,100,0.1,0.1,1,0.01,6960.0,983.0
50,100,0.1,0.4,0,0.01,1870.0,716.0
50,100,0.1,0.4,0.1,0.01,6160.0,983.0
50,100,0.1,0.4,0.4,0.01,5454.0,931.0
50,100,0.1,0.4,0.7,0.01,5568.0,959.0
50,100,0.1,0.4,1,0.01,5940.0,988.0
50,100,0.1,0.7,0,0.01,1870.0,716.0
50,100,0.1,0.7,0.1,0.01,4902.0,988.0
50,100,0.1,0.7,0.4,0.01,6498.0,972.0
50,100,0.1,0.7,0.7,0.01,6814.0,990.0
50,100,0.1,0.7,1,0.01,5425.0,971.0
50,100,0.1,1,0,0.01,3409.0,723.0
50,100,0.1,1,0.1,0.01,5578.0,917.0
50,100,0.1,1,0.4,0.01,4165.0,897.0
50,100,0.1,1,0.7,0.01,4226.0,825.0
50,100,0.1,1,1,0.01,4770.0,986.0
50,100,0.15,0,0,0.01,1870.0,716.0
50,100,0.15,0,0.1,0.01,2963.0,967.0
50,100,0.15,0,0.4,0.01,6230.0,934.0
50,100,0.15,0,0.7,0.01,6633.0,995.0
50,100,0.15,0,1,0.01,6464.0,959.0
50,100,0.15,0.1,0,0.01,1870.0,716.0
50,100,0.15,0.1,0.1,0.01,4591.0,984.0
50,100,0.15,0.1,0.4,0.01,6346.0,986.0
50,100,0.15,0.1,0.7,0.01,5685.0,993.0
50,100,0.15,0.1,1,0.01,5198.0,992.0
50,100,0.15,0.4,0,0.01,1884.0,421.0
50,100,0.15,0.4,0.1,0.01,4509.0,973.0
50,100,0.15,0.4,0.4,0.01,5863.0,934.0
50,100,0.15,0.4,0.7,0.01,5721.0,983.0
50,100,0.15,0.4,1,0.01,7185.0,995.0
50,100,0.15,0.7,0,0.01,1870.0,716.0
50,100,0.15,0.7,0.1,0.01,5145.0,967.0
50,100,0.15,0.7,0.4,0.01,5190.0,970.0
50,100,0.15,0.7,0.7,0.01,5470.0,965.0
50,100,0.15,0.7,1,0.01,6012.0,974.0
50,100,0.15,1,0,0.01,1951.0,545.0
50,100,0.15,1,0.1,0.01,4950.0,983.0
50,100,0.15,1,0.4,0.01,6222.0,971.0
50,100,0.15,1,0.7,0.01,7103.0,965.0
50,100,0.15,1,1,0.01,7170.0,990.0
50,100,0.2,0,0,0.01,1870.0,716.0
50,100,0.2,0,0.1,0.01,3489.0,954.0
50,100,0.2,0,0.4,0.01,7876.0,983.0
50,100,0.2,0,0.7,0.01,6990.0,909.0
50,100,0.2,0,1,0.01,6547.0,960.0
50,100,0.2,0.1,0,0.01,1870.0,716.0
50,100,0.2,0.1,0.1,0.01,3343.0,986.0
50,100,0.2,0.1,0.4,0.01,6945.0,963.0
50,100,0.2,0.1,0.7,0.01,5256.0,986.0
50,100,0.2,0.1,1,0.01,6771.0,913.0
50,100,0.2,0.4,0,0.01,1870.0,716.0
50,100,0.2,0.4,0.1,0.01,5121.0,947.0
50,100,0.2,0.4,0.4,0.01,7041.0,979.0
50,100,0.2,0.4,0.7,0.01,5813.0,974.0
50,100,0.2,0.4,1,0.01,7356.0,982.0
50,100,0.2,0.7,0,0.01,2608.0,429.0
50,100,0.2,0.7,0.1,0.01,4220.0,968.0
50,100,0.2,0.7,0.4,0.01,6173.0,930.0
50,100,0.2,0.7,0.7,0.01,7600.0,939.0
50,100,0.2,0.7,1,0.01,7594.0,879.0
50,100,0.2,1,0,0.01,2081.0,795.0
50,100,0.2,1,0.1,0.01,7429.0,860.0
50,100,0.2,1,0.4,0.01,6498.0,979.0
50,100,0.2,1,0.7,0.01,6291.0,988.0
50,100,0.2,1,1,0.01,6354.0,991.0
50,100,0.25,0,0,0.01,1870.0,716.0
50,100,0.25,0,0.1,0.01,4445.0,994.0
50,100,0.25,0,0.4,0.01,4183.0,964.0
50,100,0.25,0,0.7,0.01,7123.0,822.0
50,100,0.25,0,1,0.01,6947.0,982.0
50,100,0.25,0.1,0,0.01,1870.0,716.0
50,100,0.25,0.1,0.1,0.01,4774.0,991.0
50,100,0.25,0.1,0.4,0.01,5572.0,987.0
50,100,0.25,0.1,0.7,0.01,6164.0,989.0
50,100,0.25,0.1,1,0.01,6921.0,991.0
50,100,0.25,0.4,0,0.01,1870.0,716.0
50,100,0.25,0.4,0.1,0.01,3421.0,975.0
50,100,0.25,0.4,0.4,0.01,6550.0,944.0
50,100,0.25,0.4,0.7,0.01,8799.0,972.0
50,100,0.25,0.4,1,0.01,7336.0,992.0
50,100,0.25,0.7,0,0.01,1907.0,329.0
50,100,0.25,0.7,0.1,0.01,5519.0,940.0
50,100,0.25,0.7,0.4,0.01,7824.0,977.0
50,100,0.25,0.7,0.7,0.01,7455.0,966.0
50,100,0.25,0.7,1,0.01,6449.0,965.0
50,100,0.25,1,0,0.01,5341.0,967.0
50,100,0.25,1,0.1,0.01,5098.0,907.0
50,100,0.25,1,0.4,0.01,6159.0,989.0
50,100,0.25,1,0.7,0.01,6871.0,959.0
50,100,0.25,1,1,0.01,6000.0,976.0
50,100,0.3,0,0,0.01,1870.0,716.0
50,100,0.3,0,0.1,0.01,3301.0,987.0
50,100,0.3,0,0.4,0.01,3675.0,981.0
50,100,0.3,0,0.7,0.01,5111.0,768.0
50,100,0.3,0,1,0.01,5827.0,936.0
50,100,0.3,0.1,0,0.01,1870.0,716.0
50,100,0.3,0.1,0.1,0.01,5018.0,971.0
50,100,0.3,0.1,0.4,0.01,6292.0,987.0
50,100,0.3,0.1,0.7,0.01,5336.0,966.0
50,100,0.3,0.1,1,0.01,6388.0,964.0
50,100,0.3,0.4,0,0.01,1870.0,716.0
50,100,0.3,0.4,0.1,0.01,4983.0,946.0
50,100,0.3,0.4,0.4,0.01,8247.0,987.0
50,100,0.3,0.4,0.7,0.01,7853.0,977.0
50,100,0.3,0.4,1,0.01,7817.0,905.0
50,100,0.3,0.7,0,0.01,1870.0,716.0
50,100,0.3,0.7,0.1,0.01,5566.0,989.0
50,100,0.3,0.7,0.4,0.01,8525.0,953.0
50,100,0.3,0.7,0.7,0.01,6985.0,969.0
50,100,0.3,0.7,1,0.01,5227.0,975.0
50,100,0.3,1,0,0.01,3062.0,413.0
50,100,0.3,1,0.1,0.01,5059.0,937.0
50,100,0.3,1,0.4,0.01,8781.0,982.0
50,100,0.3,1,0.7,0.01,7429.0,860.0
50,100,0.3,1,1,0.01,6827.0,936.0
50,120,0.05,0,0,0.01,1870.0,716.0
50,120,0.05,0,0.1,0.01,4817.0,995.0
50,120,0.05,0,0.4,0.01,3694.0,953.0
50,120,0.05,0,0.7,0.01,3053.0,990.0
50,120,0.05,0,1,0.01,5223.0,995.0
50,120,0.05,0.1,0,0.01,1870.0,716.0
50,120,0.05,0.1,0.1,0.01,3555.0,955.0
50,120,0.05,0.1,0.4,0.01,5022.0,965.0
50,120,0.05,0.1,0.7,0.01,6603.0,989.0
50,120,0.05,0.1,1,0.01,5573.0,973.0
50,120,0.05,0.4,0,0.01,1870.0,716.0
50,120,0.05,0.4,0.1,0.01,7671.0,889.0
50,120,0.05,0.4,0.4,0.01,4630.0,984.0
50,120,0.05,0.4,0.7,0.01,5452.0,995.0
50,120,0.05,0.4,1,0.01,5827.0,929.0
50,120,0.05,0.7,0,0.01,3868.0,915.0
50,120,0.05,0.7,0.1,0.01,6418.0,965.0
50,120,0.05,0.7,0.4,0.01,4510.0,934.0
50,120,0.05,0.7,0.7,0.01,3058.0,973.0
50,120,0.05,0.7,1,0.01,4351.0,988.0
50,120,0.05,1,0,0.01,2199.0,462.0
50,120,0.05,1,0.1,0.01,5813.0,974.0
50,120,0.05,1,0.4,0.01,3760.0,947.0
50,120,0.05,1,0.7,0.01,2801.0,786.0
50,120,0.05,1,1,0.01,2261.0,625.0
50,120,0.1,0,0,0.01,1870.0,716.0
50,120,0.1,0,0.1,0.01,4356.0,993.0
50,120,0.1,0,0.4,0.01,3870.0,993.0
50,120,0.1,0,0.7,0.01,6587.0,992.0
50,120,0.1,0,1,0.01,5621.0,994.0
50,120,0.1,0.1,0,0.01,1870.0,716.0
50,120,0.1,0.1,0.1,0.01,4807.0,990.0
50,120,0.1,0.1,0.4,0.01,5160.0,993.0
50,120,0.1,0.1,0.7,0.01,3967.0,946.0
50,120,0.1,0.1,1,0.01,6960.0,983.0
50,120,0.1,0.4,0,0.01,1870.0,716.0
50,120,0.1,0.4,0.1,0.01,6160.0,983.0
50,120,0.1,0.4,0.4,0.01,5762.0,771.0
50,120,0.1,0.4,0.7,0.01,5568.0,959.0
50,120,0.1,0.4,1,0.01,6364.0,940.0
50,120,0.1,0.7,0,0.01,1870.0,716.0
50,120,0.1,0.7,0.1,0.01,4902.0,988.0
50,120,0.1,0.7,0.4,0.01,6498.0,972.0
50,120,0.1,0.7,0.7,0.01,6814.0,990.0
50,120,0.1,0.7,1,0.01,5425.0,971.0
50,120,0.1,1,0,0.01,3409.0,723.0
50,120,0.1,1,0.1,0.01,5578.0,917.0
50,120,0.1,1,0.4,0.01,4165.0,897.0
50,120,0.1,1,0.7,0.01,5134.0,922.0
50,120,0.1,1,1,0.01,4770.0,986.0
50,120,0.15,0,0,0.01,1870.0,716.0
50,120,0.15,0,0.1,0.01,2963.0,967.0
50,120,0.15,0,0.4,0.01,6230.0,934.0
50,120,0.15,0,0.7,0.01,6633.0,995.0
50,120,0.15,0,1,0.01,6464.0,959.0
50,120,0.15,0.1,0,0.01,1870.0,716.0
50,120,0.15,0.1,0.1,0.01,4591.0,984.0
50,120,0.15,0.1,0.4,0.01,6346.0,986.0
50,120,0.15,0.1,0.7,0.01,5685.0,993.0
50,120,0.15,0.1,1,0.01,5242.0,829.0
50,120,0.15,0.4,0,0.01,1884.0,421.0
50,120,0.15,0.4,0.1,0.01,4509.0,973.0
50,120,0.15,0.4,0.4,0.01,5863.0,934.0
50,120,0.15,0.4,0.7,0.01,6725.0,907.0
50,120,0.15,0.4,1,0.01,7185.0,995.0
50,120,0.15,0.7,0,0.01,1870.0,716.0
50,120,0.15,0.7,0.1,0.01,5145.0,967.0
50,120,0.15,0.7,0.4,0.01,5190.0,970.0
50,120,0.15,0.7,0.7,0.01,5470.0,965.0
50,120,0.15,0.7,1,0.01,6367.0,902.0
50,120,0.15,1,0,0.01,1951.0,545.0
50,120,0.15,1,0.1,0.01,5765.0,949.0
50,120,0.15,1,0.4,0.01,6222.0,971.0
50,120,0.15,1,0.7,0.01,7103.0,965.0
50,120,0.15,1,1,0.01,7170.0,990.0
50,120,0.2,0,0,0.01,1870.0,716.0
50,120,0.2,0,0.1,0.01,3489.0,954.0
50,120,0.2,0,0.4,0.01,7876.0,983.0
50,120,0.2,0,0.7,0.01,6990.0,909.0
50,120,0.2,0,1,0.01,6547.0,960.0
50,120,0.2,0.1,0,0.01,1870.0,716.0
50,120,0.2,0.1,0.1,0.01,3343.0,986.0
50,120,0.2,0.1,0.4,0.01,6945.0,963.0
50,120,0.2,0.1,0.7,0.01,5256.0,986.0
50,120,0.2,0.1,1,0.01,6771.0,913.0
50,120,0.2,0.4,0,0.01,1870.0,716.0
50,120,0.2,0.4,0.1,0.01,5121.0,947.0
50,120,0.2,0.4,0.4,0.01,7041.0,979.0
50,120,0.2,0.4,0.7,0.01,6363.0,816.0
50,120,0.2,0.4,1,0.01,7901.0,992.0
50,120,0.2,0.7,0,0.01,2608.0,429.0
50,120,0.2,0.7,0.1,0.01,5566.0,987.0
50,120,0.2,0.7,0.4,0.01,6454.0,926.0
50,120,0.2,0.7,0.7,0.01,7600.0,939.0
50,120,0.2,0.7,1,0.01,8192.0,973.0
50,120,0.2,1,0,0.01,2081.0,795.0
50,120,0.2,1,0.1,0.01,8096.0,982.0
50,120,0.2,1,0.4,0.01,6498.0,979.0
50,120,0.2,1,0.7,0.01,6448.0,979.0
50,120,0.2,1,1,0.01,6354.0,991.0
50,120,0.25,0,0,0.01,1870.0,716.0
50,120,0.25,0,0.1,0.01,4445.0,994.0
50,120,0.25,0,0.4,0.01,4183.0,964.0
50,120,0.25,0,0.7,0.01,7790.0,944.0
50,120,0.25,0,1,0.01,6947.0,982.0
50,120,0.25,0.1,0,0.01,1870.0,716.0
50,120,0.25,0.1,0.1,0.01,4774.0,991.0
50,120,0.25,0.1,0.4,0.01,5572.0,987.0
50,120,0.25,0.1,0.7,0.01,6164.0,989.0
50,120,0.25,0.1,1,0.01,6921.0,991.0
50,120,0.25,0.4,0,0.01,1870.0,716.0
50,120,0.25,0.4,0.1,0.01,4212.0,984.0
50,120,0.25,0.4,0.4,0.01,6662.0,943.0
50,120,0.25,0.4,0.7,0.01,8799.0,972.0
50,120,0.25,0.4,1,0.01,7336.0,992.0
50,120,0.25,0.7,0,0.01,1907.0,329.0
50,120,0.25,0.7,0.1,0.01,5519.0,940.0
50,120,0.25,0.7,0.4,0.01,7824.0,977.0
50,120,0.25,0.7,0.7,0.01,7455.0,966.0
50,120,0.25,0.7,1,0.01,6449.0,965.0
50,120,0.25,1,0,0.01,5341.0,967.0
50,120,0.25,1,0.1,0.01,6096.0,957.0
50,120,0.25,1,0.4,0.01,6159.0,989.0
50,120,0.25,1,0.7,0.01,6871.0,959.0
50,120,0.25,1,1,0.01,6025.0,957.0
50,120,0.3,0,0,0.01,1870.0,716.0
50,120,0.3,0,0.1,0.01,3301.0,987.0
50,120,0.3,0,0.4,0.01,4731.0,901.0
50,120,0.3,0,0.7,0.01,6916.0,976.0
50,120,0.3,0,1,0.01,6284.0,979.0
50,120,0.3,0.1,0,0.01,1870.0,716.0
50,120,0.3,0.1,0.1,0.01,5018.0,971.0
50,120,0.3,0.1,0.4,0.01,6811.0,971.0
50,120,0.3,0.1,0.7,0.01,5336.0,966.0
50,120,0.3,0.1,1,0.01,7179.0,973.0
50,120,0.3,0.4,0,0.01,1870.0,716.0
50,120,0.3,0.4,0.1,0.01,4983.0,946.0
50,120,0.3,0.4,0.4,0.01,8247.0,987.0
50,120,0.3,0.4,0.7,0.01,7853.0,977.0
50,120,0.3,0.4,1,0.01,7935.0,882.0
50,120,0.3,0.7,0,0.01,1870.0,716.0
50,120,0.3,0.7,0.1,0.01,5566.0,989.0
50,120,0.3,0.7,0.4,0.01,8525.0,953.0
50,120,0.3,0.7,0.7,0.01,7010.0,950.0
50,120,0.3,0.7,1,0.01,5713.0,820.0
50,120,0.3,1,0,0.01,3062.0,413.0
50,120,0.3,1,0.1,0.01,5059.0,937.0
50,120,0.3,1,0.4,0.01,8781.0,982.0
50,120,0.3,1,0.7,0.01,8096.0,982.0
50,120,0.3,1,1,0.01,6827.0,936.0
100,10,0.05,0,0,0.01,1888.0,610.0
100,10,0.05,0,0.1,0.01,3604.0,378.0
100,10,0.05,0,0.4,0.01,2597.0,820.0
100,10,0.05,0,0.7,0.01,2769.0,844.0
100,10,0.05,0,1,0.01,3654.0,994.0
100,10,0.05,0.1,0,0.01,2199.0,143.0
100,10,0.05,0.1,0.1,0.01,3302.0,417.0
100,10,0.05,0.1,0.4,0.01,2899.0,929.0
100,10,0.05,0.1,0.7,0.01,3568.0,940.0
100,10,0.05,0.1,1,0.01,3297.0,834.0
100,10,0.05,0.4,0,0.01,2218.0,9.0
100,10,0.05,0.4,0.1,0.01,3473.0,709.0
100,10,0.05,0.4,0.4,0.01,4193.0,910.0
100,10,0.05,0.4,0.7,0.01,3066.0,963.0
100,10,0.05,0.4,1,0.01,4251.0,814.0
100,10,0.05,0.7,0,0.01,3970.0,717.0
100,10,0.05,0.7,0.1,0.01,2882.0,977.0
100,10,0.05,0.7,0.4,0.01,3386.0,861.0
100,10,0.05,0.7,0.7,0.01,3133.0,810.0
100,10,0.05,0.7,1,0.01,3141.0,950.0
100,10,0.05,1,0,0.01,2885.0,809.0
100,10,0.05,1,0.1,0.01,4014.0,380.0
100,10,0.05,1,0.4,0.01,2636.0,979.0
100,10,0.05,1,0.7,0.01,3152.0,950.0
100,10,0.05,1,1,0.01,2851.0,897.0
100,10,0.1,0,0,0.01,1888.0,610.0
100,10,0.1,0,0.1,0.01,2398.0,964.0
100,10,0.1,0,0.4,0.01,2873.0,960.0
100,10,0.1,0,0.7,0.01,3382.0,993.0
100,10,0.1,0,1,0.01,2406.0,971.0
100,10,0.1,0.1,0,0.01,2199.0,896.0
100,10,0.1,0.1,0.1,0.01,3548.0,680.0
100,10,0.1,0.1,0.4,0.01,3579.0,780.0
100,10,0.1,0.1,0.7,0.01,4206.0,711.0
100,10,0.1,0.1,1,0.01,4015.0,912.0
100,10,0.1,0.4,0,0.01,3611.0,907.0
100,10,0.1,0.4,0.1,0.01,2976.0,927.0
100,10,0.1,0.4,0.4,0.01,5052.0,791.0
100,10,0.1,0.4,0.7,0.01,3356.0,728.0
100,10,0.1,0.4,1,0.01,3955.0,898.0
100,10,0.1,0.7,0,0.01,2527.0,551.0
100,10,0.1,0.7,0.1,0.01,3408.0,989.0
100,10,0.1,0.7,0.4,0.01,5138.0,901.0
100,10,0.1,0.7,0.7,0.01,4530.0,897.0
100,10,0.1,0.7,1,0.01,3470.0,952.0
100,10,0.1,1,0,0.01,3490.0,985.0
100,10,0.1,1,0.1,0.01,3969.0,959.0
100,10,0.1,1,0.4,0.01,4163.0,818.0
100,10,0.1,1,0.7,0.01,3882.0,917.0
100,10,0.1,1,1,0.01,3518.0,627.0
100,10,0.15,0,0,0.01,1888.0,610.0
100,10,0.15,0,0.1,0.01,3304.0,954.0
100,10,0.15,0,0.4,0.01,3261.0,961.0
100,10,0.15,0,0.7,0.01,3245.0,724.0
100,10,0.15,0,1,0.01,3992.0,875.0
100,10,0.15,0.1,0,0.01,2199.0,896.0
100,10,0.15,0.1,0.1,0.01,2378.0,886.0
100,10,0.15,0.1,0.4,0.01,2920.0,872.0
100,10,0.15,0.1,0.7,0.01,3158.0,624.0
100,10,0.15,0.1,1,0.01,4319.0,874.0
100,10,0.15,0.4,0,0.01,2521.0,143.0
100,10,0.15,0.4,0.1,0.01,2882.0,977.0
100,10,0.15,0.4,0.4,0.01,4360.0,987.0
100,10,0.15,0.4,0.7,0.01,3638.0,843.0
100,10,0.15,0.4,1,0.01,3283.0,878.0
100,10,0.15,0.7,0,0.01,2495.0,442.0
100,10,0.15,0.7,0.1,0.01,3107.0,993.0
100,10,0.15,0.7,0.4,0.01,3712.0,955.0
100,10,0.15,0.7,0.7,0.01,4014.0,563.0
100,10,0.15,0.7,1,0.01,3641.0,710.0
100,10,0.15,1,0,0.01,2844.0,661.0
100,10,0.15,1,0.1,0.01,3252.0,976.0
100,10,0.15,1,0.4,0.01,4920.0,876.0
100,10,0.15,1,0.7,0.01,3724.0,577.0
100,10,0.15,1,1,0.01,4485.0,791.0
100,10,0.2,0,0,0.01,1888.0,610.0
100,10,0.2,0,0.1,0.01,2142.0,915.0
100,10,0.2,0,0.4,0.01,3766.0,984.0
100,10,0.2,0,0.7,0.01,4007.0,958.0
100,10,0.2,0,1,0.01,4441.0,978.0
100,10,0.2,0.1,0,0.01,2378.0,94.0
100,10,0.2,0.1,0.1,0.01,3419.0,913.0
100,10,0.2,0.1,0.4,0.01,3880.0,831.0
100,10,0.2,0.1,0.7,0.01,3892.0,893.0
100,10,0.2,0.1,1,0.01,2869.0,638.0
100,10,0.2,0.4,0,0.01,2199.0,143.0
100,10,0.2,0.4,0.1,0.01,3565.0,895.0
100,10,0.2,0.4,0.4,0.01,4174.0,788.0
100,10,0.2,0.4,0.7,0.01,3862.0,925.0
100,10,0.2,0.4,1,0.01,4221.0,924.0
100,10,0.2,0.7,0,0.01,2836.0,828.0
100,10,0.2,0.7,0.1,0.01,3867.0,890.0
100,10,0.2,0.7,0.4,0.01,3959.0,854.0
100,10,0.2,0.7,0.7,0.01,3858.0,974.0
100,10,0.2,0.7,1,0.01,3342.0,852.0
100,10,0.2,1,0,0.01,2537.0,525.0
100,10,0.2,1,0.1,0.01,3898.0,971.0
100,10,0.2,1,0.4,0.01,3485.0,863.0
100,10,0.2,1,0.7,0.01,3663.0,934.0
100,10,0.2,1,1,0.01,4259.0,635.0
100,10,0.25,0,0,0.01,1888.0,610.0
100,10,0.25,0,0.1,0.01,2614.0,708.0
100,10,0.25,0,0.4,0.01,4250.0,786.0
100,10,0.25,0,0.7,0.01,3543.0,709.0
100,10,0.25,0,1,0.01,3869.0,800.0
100,10,0.25,0.1,0,0.01,1888.0,610.0
100,10,0.25,0.1,0.1,0.01,3221.0,710.0
100,10,0.25,0.1,0.4,0.01,4348.0,980.0
100,10,0.25,0.1,0.7,0.01,5791.0,905.0
100,10,0.25,0.1,1,0.01,4079.0,897.0
100,10,0.25,0.4,0,0.01,2199.0,896.0
100,10,0.25,0.4,0.1,0.01,2905.0,849.0
100,10,0.25,0.4,0.4,0.01,4340.0,959.0
100,10,0.25,0.4,0.7,0.01,3585.0,958.0
100,10,0.25,0.4,1,0.01,3589.0,346.0
100,10,0.25,0.7,0,0.01,2597.0,820.0
100,10,0.25,0.7,0.1,0.01,4375.0,933.0
100,10,0.25,0.7,0.4,0.01,4052.0,704.0
100,10,0.25,0.7,0.7,0.01,4561.0,927.0
100,10,0.25,0.7,1,0.01,3809.0,697.0
100,10,0.25,1,0,0.01,3536.0,987.0
100,10,0.25,1,0.1,0.01,3931.0,922.0
100,10,0.25,1,0.4,0.01,3509.0,778.0
100,10,0.25,1,0.7,0.01,3800.0,790.0
100,10,0.25,1,1,0.01,4071.0,933.0
100,10,0.3,0,0,0.01,1888.0,610.0
100,10,0.3,0,0.1,0.01,2555.0,732.0
100,10,0.3,0,0.4,0.01,4048.0,884.0
100,10,0.3,0,0.7,0.01,3562.0,917.0
100,10,0.3,0,1,0.01,3869.0,949.0
100,10,0.3,0.1,0,0.01,2199.0,356.0
100,10,0.3,0.1,0.1,0.01,2852.0,850.0
100,10,0.3,0.1,0.4,0.01,3774.0,817.0
100,10,0.3,0.1,0.7,0.01,4064.0,916.0
100,10,0.3,0.1,1,0.01,4382.0,933.0
100,10,0.3,0.4,0,0.01,2401.0,877.0
100,10,0.3,0.4,0.1,0.01,3219.0,877.0
100,10,0.3,0.4,0.4,0.01,3987.0,912.0
100,10,0.3,0.4,0.7,0.01,4538.0,992.0
100,10,0.3,0.4,1,0.01,5129.0,704.0
100,10,0.3,0.7,0,0.01,3484.0,868.0
100,10,0.3,0.7,0.1,0.01,3498.0,741.0
100,10,0.3,0.7,0.4,0.01,3992.0,977.0
100,10,0.3,0.7,0.7,0.01,3596.0,731.0
100,10,0.3,0.7,1,0.01,4276.0,951.0
100,10,0.3,1,0,0.01,2801.0,786.0
100,10,0.3,1,0.1,0.01,2688.0,700.0
100,10,0.3,1,0.4,0.01,3634.0,921.0
100,10,0.3,1,0.7,0.01,4123.0,670.0
100,10,0.3,1,1,0.01,4490.0,605.0
100,50,0.05,0,0,0.01,1888.0,610.0
100,50,0.05,0,0.1,0.01,6454.0,901.0
100,50,0.05,0,0.4,0.01,4376.0,986.0
100,50,0.05,0,0.7,0.01,4703.0,854.0
100,50,0.05,0,1,0.01,3654.0,994.0
100,50,0.05,0.1,0,0.01,2199.0,143.0
100,50,0.05,0.1,0.1,0.01,5055.0,814.0
100,50,0.05,0.1,0.4,0.01,3623.0,958.0
100,50,0.05,0.1,0.7,0.01,4292.0,969.0
100,50,0.05,0.1,1,0.01,4929.0,960.0
100,50,0.05,0.4,0,0.01,2218.0,9.0
100,50,0.05,0.4,0.1,0.01,6695.0,994.0
100,50,0.05,0.4,0.4,0.01,6832.0,967.0
100,50,0.05,0.4,0.7,0.01,4692.0,978.0
100,50,0.05,0.4,1,0.01,4788.0,936.0
100,50,0.05,0.7,0,0.01,3970.0,717.0
100,50,0.05,0.7,0.1,0.01,5013.0,979.0
100,50,0.05,0.7,0.4,0.01,4908.0,990.0
100,50,0.05,0.7,0.7,0.01,3859.0,908.0
100,50,0.05,0.7,1,0.01,3141.0,950.0
100,50,0.05,1,0,0.01,2885.0,809.0
100,50,0.05,1,0.1,0.01,6814.0,722.0
100,50,0.05,1,0.4,0.01,3538.0,825.0
100,50,0.05,1,0.7,0.01,3152.0,950.0
100,50,0.05,1,1,0.01,4144.0,988.0
100,50,0.1,0,0,0.01,1888.0,610.0
100,50,0.1,0,0.1,0.01,5453.0,976.0
100,50,0.1,0,0.4,0.01,2873.0,960.0
100,50,0.1,0,0.7,0.01,4967.0,976.0
100,50,0.1,0,1,0.01,4753.0,986.0
100,50,0.1,0.1,0,0.01,2199.0,896.0
100,50,0.1,0.1,0.1,0.01,6027.0,918.0
100,50,0.1,0.1,0.4,0.01,5763.0,943.0
100,50,0.1,0.1,0.7,0.01,5072.0,992.0
100,50,0.1,0.1,1,0.01,5380.0,987.0
100,50,0.1,0.4,0,0.01,3611.0,907.0
100,50,0.1,0.4,0.1,0.01,5428.0,925.0
100,50,0.1,0.4,0.4,0.01,6188.0,988.0
100,50,0.1,0.4,0.7,0.01,6443.0,947.0
100,50,0.1,0.4,1,0.01,6907.0,966.0
100,50,0.1,0.7,0,0.01,4120.0,986.0
100,50,0.1,0.7,0.1,0.01,5671.0,965.0
100,50,0.1,0.7,0.4,0.01,7382.0,995.0
100,50,0.1,0.7,0.7,0.01,5509.0,956.0
100,50,0.1,0.7,1,0.01,5661.0,978.0
100,50,0.1,1,0,0.01,4736.0,899.0
100,50,0.1,1,0.1,0.01,5339.0,995.0
100,50,0.1,1,0.4,0.01,5316.0,913.0
100,50,0.1,1,0.7,0.01,3882.0,917.0
100,50,0.1,1,1,0.01,6346.0,920.0
100,50,0.15,0,0,0.01,1888.0,610.0
100,50,0.15,0,0.1,0.01,7126.0,985.0
100,50,0.15,0,0.4,0.01,3582.0,942.0
100,50,0.15,0,0.7,0.01,5815.0,899.0
100,50,0.15,0,1,0.01,7264.0,772.0
100,50,0.15,0.1,0,0.01,2199.0,896.0
100,50,0.15,0.1,0.1,0.01,4306.0,984.0
100,50,0.15,0.1,0.4,0.01,3851.0,908.0
100,50,0.15,0.1,0.7,0.01,6349.0,959.0
100,50,0.15,0.1,1,0.01,5807.0,776.0
100,50,0.15,0.4,0,0.01,2521.0,143.0
100,50,0.15,0.4,0.1,0.01,2882.0,977.0
100,50,0.15,0.4,0.4,0.01,6471.0,969.0
100,50,0.15,0.4,0.7,0.01,5896.0,967.0
100,50,0.15,0.4,1,0.01,6541.0,946.0
100,50,0.15,0.7,0,0.01,3173.0,722.0
100,50,0.15,0.7,0.1,0.01,3130.0,966.0
100,50,0.15,0.7,0.4,0.01,7096.0,975.0
100,50,0.15,0.7,0.7,0.01,7675.0,901.0
100,50,0.15,0.7,1,0.01,7113.0,953.0
100,50,0.15,1,0,0.01,3240.0,893.0
100,50,0.15,1,0.1,0.01,3829.0,607.0
100,50,0.15,1,0.4,0.01,7211.0,984.0
100,50,0.15,1,0.7,0.01,6101.0,969.0
100,50,0.15,1,1,0.01,5311.0,960.0
100,50,0.2,0,0,0.01,1888.0,610.0
100,50,0.2,0,0.1,0.01,4544.0,973.0
100,50,0.2,0,0.4,0.01,6875.0,956.0
100,50,0.2,0,0.7,0.01,5918.0,928.0
100,50,0.2,0,1,0.01,6689.0,951.0
100,50,0.2,0.1,0,0.01,2378.0,94.0
100,50,0.2,0.1,0.1,0.01,5648.0,977.0
100,50,0.2,0.1,0.4,0.01,5380.0,993.0
100,50,0.2,0.1,0.7,0.01,6644.0,869.0
100,50,0.2,0.1,1,0.01,5669.0,954.0
100,50,0.2,0.4,0,0.01,2261.0,625.0
100,50,0.2,0.4,0.1,0.01,4891.0,860.0
100,50,0.2,0.4,0.4,0.01,8057.0,938.0
100,50,0.2,0.4,0.7,0.01,5223.0,990.0
100,50,0.2,0.4,1,0.01,4791.0,862.0
100,50,0.2,0.7,0,0.01,3627.0,837.0
100,50,0.2,0.7,0.1,0.01,6240.0,934.0
100,50,0.2,0.7,0.4,0.01,7630.0,973.0
100,50,0.2,0.7,0.7,0.01,7968.0,961.0
100,50,0.2,0.7,1,0.01,7220.0,942.0
100,50,0.2,1,0,0.01,3434.0,694.0
100,50,0.2,1,0.1,0.01,4689.0,980.0
100,50,0.2,1,0.4,0.01,6316.0,965.0
100,50,0.2,1,0.7,0.01,7265.0,979.0
100,50,0.2,1,1,0.01,5699.0,966.0
100,50,0.25,0,0,0.01,1888.0,610.0
100,50,0.25,0,0.1,0.01,5820.0,988.0
100,50,0.25,0,0.4,0.01,6843.0,983.0
100,50,0.25,0,0.7,0.01,5957.0,828.0
100,50,0.25,0,1,0.01,7291.0,972.0
100,50,0.25,0.1,0,0.01,1888.0,610.0
100,50,0.25,0.1,0.1,0.01,5619.0,992.0
100,50,0.25,0.1,0.4,0.01,7030.0,902.0
100,50,0.25,0.1,0.7,0.01,7542.0,971.0
100,50,0.25,0.1,1,0.01,5984.0,813.0
100,50,0.25,0.4,0,0.01,2199.0,896.0
100,50,0.25,0.4,0.1,0.01,4874.0,955.0
100,50,0.25,0.4,0.4,0.01,7359.0,972.0
100,50,0.25,0.4,0.7,0.01,8292.0,980.0
100,50,0.25,0.4,1,0.01,7304.0,862.0
100,50,0.25,0.7,0,0.01,2768.0,526.0
100,50,0.25,0.7,0.1,0.01,7005.0,899.0
100,50,0.25,0.7,0.4,0.01,7058.0,969.0
100,50,0.25,0.7,0.7,0.01,7656.0,954.0
100,50,0.25,0.7,1,0.01,7642.0,803.0
100,50,0.25,1,0,0.01,3536.0,987.0
100,50,0.25,1,0.1,0.01,5905.0,987.0
100,50,0.25,1,0.4,0.01,7122.0,987.0
100,50,0.25,1,0.7,0.01,7461.0,953.0
100,50,0.25,1,1,0.01,7504.0,960.0
100,50,0.3,0,0,0.01,1888.0,610.0
100,50,0.3,0,0.1,0.01,3041.0,980.0
100,50,0.3,0,0.4,0.01,6178.0,979.0
100,50,0.3,0,0.7,0.01,6219.0,952.0
100,50,0.3,0,1,0.01,6365.0,984.0
100,50,0.3,0.1,0,0.01,2199.0,356.0
100,50,0.3,0.1,0.1,0.01,4161.0,963.0
100,50,0.3,0.1,0.4,0.01,7675.0,919.0
100,50,0.3,0.1,0.7,0.01,6092.0,658.0
100,50,0.3,0.1,1,0.01,6975.0,963.0
100,50,0.3,0.4,0,0.01,2401.0,877.0
100,50,0.3,0.4,0.1,0.01,4643.0,978.0
100,50,0.3,0.4,0.4,0.01,6036.0,991.0
100,50,0.3,0.4,0.7,0.01,6523.0,972.0
100,50,0.3,0.4,1,0.01,8544.0,990.0
100,50,0.3,0.7,0,0.01,4836.0,790.0
100,50,0.3,0.7,0.1,0.01,4579.0,988.0
100,50,0.3,0.7,0.4,0.01,5464.0,961.0
100,50,0.3,0.7,0.7,0.01,6562.0,970.0
100,50,0.3,0.7,1,0.01,6243.0,978.0
100,50,0.3,1,0,0.01,2801.0,786.0
100,50,0.3,1,0.1,0.01,5819.0,903.0
100,50,0.3,1,0.4,0.01,7402.0,960.0
100,50,0.3,1,0.7,0.01,7675.0,932.0
100,50,0.3,1,1,0.01,7616.0,956.0
100,100,0.05,0,0,0.01,1888.0,610.0
100,100,0.05,0,0.1,0.01,6482.0,968.0
100,100,0.05,0,0.4,0.01,4376.0,986.0
100,100,0.05,0,0.7,0.01,6908.0,958.0
100,100,0.05,0,1,0.01,3654.0,994.0
100,100,0.05,0.1,0,0.01,2199.0,143.0
100,100,0.05,0.1,0.1,0.01,6574.0,973.0
100,100,0.05,0.1,0.4,0.01,4674.0,928.0
100,100,0.05,0.1,0.7,0.01,5172.0,922.0
100,100,0.05,0.1,1,0.01,5720.0,969.0
100,100,0.05,0.4,0,0.01,2218.0,9.0
100,100,0.05,0.4,0.1,0.01,6695.0,994.0
100,100,0.05,0.4,0.4,0.01,6915.0,950.0
100,100,0.05,0.4,0.7,0.01,4692.0,978.0
100,100,0.05,0.4,1,0.01,5245.0,979.0
100,100,0.05,0.7,0,0.01,3970.0,717.0
100,100,0.05,0.7,0.1,0.01,5493.0,995.0
100,100,0.05,0.7,0.4,0.01,4908.0,990.0
100,100,0.05,0.7,0.7,0.01,3859.0,908.0
100,100,0.05,0.7,1,0.01,3141.0,950.0
100,100,0.05,1,0,0.01,2885.0,809.0
100,100,0.05,1,0.1,0.01,8406.0,981.0
100,100,0.05,1,0.4,0.01,3538.0,825.0
100,100,0.05,1,0.7,0.01,3152.0,950.0
100,100,0.05,1,1,0.01,4604.0,946.0
100,100,0.1,0,0,0.01,1888.0,610.0
100,100,0.1,0,0.1,0.01,5453.0,976.0
100,100,0.1,0,0.4,0.01,4655.0,954.0
100,100,0.1,0,0.7,0.01,6738.0,935.0
100,100,0.1,0,1,0.01,5479.0,961.0
100,100,0.1,0.1,0,0.01,2199.0,896.0
100,100,0.1,0.1,0.1,0.01,8205.0,924.0
100,100,0.1,0.1,0.4,0.01,7011.0,995.0
100,100,0.1,0.1,0.7,0.01,5853.0,953.0
100,100,0.1,0.1,1,0.01,5435.0,897.0
100,100,0.1,0.4,0,0.01,3611.0,907.0
100,100,0.1,0.4,0.1,0.01,6359.0,995.0
100,100,0.1,0.4,0.4,0.01,6372.0,991.0
100,100,0.1,0.4,0.7,0.01,7084.0,993.0
100,100,0.1,0.4,1,0.01,7698.0,975.0
100,100,0.1,0.7,0,0.01,4120.0,986.0
100,100,0.1,0.7,0.1,0.01,6462.0,974.0
100,100,0.1,0.7,0.4,0.01,7382.0,995.0
100,100,0.1,0.7,0.7,0.01,6745.0,961.0
100,100,0.1,0.7,1,0.01,6452.0,987.0
100,100,0.1,1,0,0.01,4736.0,899.0
100,100,0.1,1,0.1,0.01,6660.0,912.0
100,100,0.1,1,0.4,0.01,6040.0,942.0
100,100,0.1,1,0.7,0.01,4488.0,991.0
100,100,0.1,1,1,0.01,7070.0,949.0
100,100,0.15,0,0,0.01,1888.0,610.0
100,100,0.15,0,0.1,0.01,7126.0,985.0
100,100,0.15,0,0.4,0.01,5815.0,961.0
100,100,0.15,0,0.7,0.01,6615.0,989.0
100,100,0.15,0,1,0.01,9147.0,985.0
100,100,0.15,0.1,0,0.01,2199.0,896.0
100,100,0.15,0.1,0.1,0.01,5434.0,990.0
100,100,0.15,0.1,0.4,0.01,5979.0,970.0
100,100,0.15,0.1,0.7,0.01,8171.0,958.0
100,100,0.15,0.1,1,0.01,6804.0,975.0
100,100,0.15,0.4,0,0.01,2521.0,143.0
100,100,0.15,0.4,0.1,0.01,5038.0,960.0
100,100,0.15,0.4,0.4,0.01,7820.0,961.0
100,100,0.15,0.4,0.7,0.01,6687.0,976.0
100,100,0.15,0.4,1,0.01,7901.0,977.0
100,100,0.15,0.7,0,0.01,3173.0,722.0
100,100,0.15,0.7,0.1,0.01,4278.0,992.0
100,100,0.15,0.7,0.4,0.01,7096.0,975.0
100,100,0.15,0.7,0.7,0.01,8799.0,972.0
100,100,0.15,0.7,1,0.01,7601.0,986.0
100,100,0.15,1,0,0.01,3240.0,893.0
100,100,0.15,1,0.1,0.01,6527.0,994.0
100,100,0.15,1,0.4,0.01,8497.0,992.0
100,100,0.15,1,0.7,0.01,6101.0,969.0
100,100,0.15,1,1,0.01,6035.0,989.0
100,100,0.2,0,0,0.01,1888.0,610.0
100,100,0.2,0,0.1,0.01,5152.0,990.0
100,100,0.2,0,0.4,0.01,6875.0,956.0
100,100,0.2,0,0.7,0.01,7542.0,978.0
100,100,0.2,0,1,0.01,7413.0,980.0
100,100,0.2,0.1,0,0.01,2378.0,94.0
100,100,0.2,0.1,0.1,0.01,5648.0,977.0
100,100,0.2,0.1,0.4,0.01,6841.0,960.0
100,100,0.2,0.1,0.7,0.01,7825.0,941.0
100,100,0.2,0.1,1,0.01,7608.0,980.0
100,100,0.2,0.4,0,0.01,2261.0,625.0
100,100,0.2,0.4,0.1,0.01,8206.0,962.0
100,100,0.2,0.4,0.4,0.01,8131.0,930.0
100,100,0.2,0.4,0.7,0.01,5252.0,977.0
100,100,0.2,0.4,1,0.01,5203.0,940.0
100,100,0.2,0.7,0,0.01,3627.0,837.0
100,100,0.2,0.7,0.1,0.01,6371.0,914.0
100,100,0.2,0.7,0.4,0.01,8109.0,970.0
100,100,0.2,0.7,0.7,0.01,8759.0,970.0
100,100,0.2,0.7,1,0.01,7379.0,986.0
100,100,0.2,1,0,0.01,3434.0,694.0
100,100,0.2,1,0.1,0.01,4689.0,980.0
100,100,0.2,1,0.4,0.01,7907.0,994.0
100,100,0.2,1,0.7,0.01,7920.0,980.0
100,100,0.2,1,1,0.01,6403.0,966.0
100,100,0.25,0,0,0.01,1888.0,610.0
100,100,0.25,0,0.1,0.01,5877.0,920.0
100,100,0.25,0,0.4,0.01,7634.0,992.0
100,100,0.25,0,0.7,0.01,7279.0,951.0
100,100,0.25,0,1,0.01,7601.0,975.0
100,100,0.25,0.1,0,0.01,1888.0,610.0
100,100,0.25,0.1,0.1,0.01,8077.0,991.0
100,100,0.25,0.1,0.4,0.01,7990.0,959.0
100,100,0.25,0.1,0.7,0.01,7542.0,971.0
100,100,0.25,0.1,1,0.01,6457.0,964.0
100,100,0.25,0.4,0,0.01,2199.0,896.0
100,100,0.25,0.4,0.1,0.01,7115.0,965.0
100,100,0.25,0.4,0.4,0.01,8563.0,965.0
100,100,0.25,0.4,0.7,0.01,8292.0,980.0
100,100,0.25,0.4,1,0.01,8693.0,965.0
100,100,0.25,0.7,0,0.01,2768.0,526.0
100,100,0.25,0.7,0.1,0.01,8103.0,988.0
100,100,0.25,0.7,0.4,0.01,7058.0,969.0
100,100,0.25,0.7,0.7,0.01,8447.0,963.0
100,100,0.25,0.7,1,0.01,8940.0,969.0
100,100,0.25,1,0,0.01,3536.0,987.0
100,100,0.25,1,0.1,0.01,5905.0,987.0
100,100,0.25,1,0.4,0.01,7761.0,964.0
100,100,0.25,1,0.7,0.01,9147.0,985.0
100,100,0.25,1,1,0.01,7504.0,960.0
100,100,0.3,0,0,0.01,1888.0,610.0
100,100,0.3,0,0.1,0.01,3041.0,980.0
100,100,0.3,0,0.4,0.01,7387.0,995.0
100,100,0.3,0,0.7,0.01,7074.0,961.0
100,100,0.3,0,1,0.01,7794.0,987.0
100,100,0.3,0.1,0,0.01,2199.0,356.0
100,100,0.3,0.1,0.1,0.01,4885.0,992.0
100,100,0.3,0.1,0.4,0.01,8375.0,991.0
100,100,0.3,0.1,0.7,0.01,7830.0,956.0
100,100,0.3,0.1,1,0.01,8038.0,988.0
100,100,0.3,0.4,0,0.01,2401.0,877.0
100,100,0.3,0.4,0.1,0.01,5491.0,973.0
100,100,0.3,0.4,0.4,0.01,6558.0,974.0
100,100,0.3,0.4,0.7,0.01,7634.0,992.0
100,100,0.3,0.4,1,0.01,8544.0,990.0
100,100,0.3,0.7,0,0.01,4836.0,790.0
100,100,0.3,0.7,0.1,0.01,4579.0,988.0
100,100,0.3,0.7,0.4,0.01,5946.0,985.0
100,100,0.3,0.7,0.7,0.01,7599.0,990.0
100,100,0.3,0.7,1,0.01,7603.0,961.0
100,100,0.3,1,0,0.01,2801.0,786.0
100,100,0.3,1,0.1,0.01,7541.0,982.0
100,100,0.3,1,0.4,0.01,8193.0,969.0
100,100,0.3,1,0.7,0.01,8132.0,975.0
100,100,0.3,1,1,0.01,7616.0,956.0
100,120,0.05,0,0,0.01,1888.0,610.0
100,120,0.05,0,0.1,0.01,6482.0,968.0
100,120,0.05,0,0.4,0.01,4376.0,986.0
100,120,0.05,0,0.7,0.01,6908.0,958.0
100,120,0.05,0,1,0.01,3654.0,994.0
100,120,0.05,0.1,0,0.01,2199.0,143.0
100,120,0.05,0.1,0.1,0.01,6574.0,973.0
100,120,0.05,0.1,0.4,0.01,4674.0,928.0
100,120,0.05,0.1,0.7,0.01,6308.0,830.0
100,120,0.05,0.1,1,0.01,5720.0,969.0
100,120,0.05,0.4,0,0.01,2218.0,9.0
100,120,0.05,0.4,0.1,0.01,6695.0,994.0
100,120,0.05,0.4,0.4,0.01,6915.0,950.0
100,120,0.05,0.4,0.7,0.01,4692.0,978.0
100,120,0.05,0.4,1,0.01,5245.0,979.0
100,120,0.05,0.7,0,0.01,3970.0,717.0
100,120,0.05,0.7,0.1,0.01,5493.0,995.0
100,120,0.05,0.7,0.4,0.01,4908.0,990.0
100,120,0.05,0.7,0.7,0.01,4316.0,951.0
100,120,0.05,0.7,1,0.01,3141.0,950.0
100,120,0.05,1,0,0.01,2885.0,809.0
100,120,0.05,1,0.1,0.01,8406.0,981.0
100,120,0.05,1,0.4,0.01,3538.0,825.0
100,120,0.05,1,0.7,0.01,3152.0,950.0
100,120,0.05,1,1,0.01,4604.0,946.0
100,120,0.1,0,0,0.01,1888.0,610.0
100,120,0.1,0,0.1,0.01,6881.0,987.0
100,120,0.1,0,0.4,0.01,4655.0,954.0
100,120,0.1,0,0.7,0.01,7529.0,944.0
100,120,0.1,0,1,0.01,5479.0,961.0
100,120,0.1,0.1,0,0.01,2199.0,896.0
100,120,0.1,0.1,0.1,0.01,8205.0,924.0
100,120,0.1,0.1,0.4,0.01,7011.0,995.0
100,120,0.1,0.1,0.7,0.01,5853.0,953.0
100,120,0.1,0.1,1,0.01,6033.0,991.0
100,120,0.1,0.4,0,0.01,3611.0,907.0
100,120,0.1,0.4,0.1,0.01,6359.0,995.0
100,120,0.1,0.4,0.4,0.01,6372.0,991.0
100,120,0.1,0.4,0.7,0.01,7084.0,993.0
100,120,0.1,0.4,1,0.01,7698.0,975.0
100,120,0.1,0.7,0,0.01,4120.0,986.0
100,120,0.1,0.7,0.1,0.01,6462.0,974.0
100,120,0.1,0.7,0.4,0.01,7382.0,995.0
100,120,0.1,0.7,0.7,0.01,7621.0,797.0
100,120,0.1,0.7,1,0.01,6452.0,987.0
100,120,0.1,1,0,0.01,4736.0,899.0
100,120,0.1,1,0.1,0.01,7841.0,984.0
100,120,0.1,1,0.4,0.01,6040.0,942.0
100,120,0.1,1,0.7,0.01,4488.0,991.0
100,120,0.1,1,1,0.01,7527.0,992.0
100,120,0.15,0,0,0.01,1888.0,610.0
100,120,0.15,0,0.1,0.01,7126.0,985.0
100,120,0.15,0,0.4,0.01,6524.0,872.0
100,120,0.15,0,0.7,0.01,6615.0,989.0
100,120,0.15,0,1,0.01,9147.0,985.0
100,120,0.15,0.1,0,0.01,2199.0,896.0
100,120,0.15,0.1,0.1,0.01,6598.0,980.0
100,120,0.15,0.1,0.4,0.01,5979.0,970.0
100,120,0.15,0.1,0.7,0.01,8240.0,986.0
100,120,0.15,0.1,1,0.01,6804.0,975.0
100,120,0.15,0.4,0,0.01,2521.0,143.0
100,120,0.15,0.4,0.1,0.01,5262.0,788.0
100,120,0.15,0.4,0.4,0.01,7820.0,961.0
100,120,0.15,0.4,0.7,0.01,6687.0,976.0
100,120,0.15,0.4,1,0.01,8234.0,953.0
100,120,0.15,0.7,0,0.01,3173.0,722.0
100,120,0.15,0.7,0.1,0.01,4278.0,992.0
100,120,0.15,0.7,0.4,0.01,7128.0,960.0
100,120,0.15,0.7,0.7,0.01,8929.0,972.0
100,120,0.15,0.7,1,0.01,7601.0,986.0
100,120,0.15,1,0,0.01,3240.0,893.0
100,120,0.15,1,0.1,0.01,6527.0,994.0
100,120,0.15,1,0.4,0.01,8569.0,931.0
100,120,0.15,1,0.7,0.01,6101.0,969.0
100,120,0.15,1,1,0.01,6035.0,989.0
100,120,0.2,0,0,0.01,1888.0,610.0
100,120,0.2,0,0.1,0.01,5152.0,990.0
100,120,0.2,0,0.4,0.01,6875.0,956.0
100,120,0.2,0,0.7,0.01,7574.0,963.0
100,120,0.2,0,1,0.01,7413.0,980.0
100,120,0.2,0.1,0,0.01,2378.0,94.0
100,120,0.2,0.1,0.1,0.01,7167.0,995.0
100,120,0.2,0.1,0.4,0.01,8203.0,928.0
100,120,0.2,0.1,0.7,0.01,7899.0,933.0
100,120,0.2,0.1,1,0.01,7608.0,980.0
100,120,0.2,0.4,0,0.01,2261.0,625.0
100,120,0.2,0.4,0.1,0.01,8206.0,962.0
100,120,0.2,0.4,0.4,0.01,8131.0,930.0
100,120,0.2,0.4,0.7,0.01,6370.0,954.0
100,120,0.2,0.4,1,0.01,5945.0,973.0
100,120,0.2,0.7,0,0.01,3627.0,837.0
100,120,0.2,0.7,0.1,0.01,6371.0,914.0
100,120,0.2,0.7,0.4,0.01,8109.0,970.0
100,120,0.2,0.7,0.7,0.01,8759.0,970.0
100,120,0.2,0.7,1,0.01,7379.0,986.0
100,120,0.2,1,0,0.01,3434.0,694.0
100,120,0.2,1,0.1,0.01,4689.0,980.0
100,120,0.2,1,0.4,0.01,7907.0,994.0
100,120,0.2,1,0.7,0.01,7920.0,980.0
100,120,0.2,1,1,0.01,6403.0,966.0
100,120,0.25,0,0,0.01,1888.0,610.0
100,120,0.25,0,0.1,0.01,6577.0,992.0
100,120,0.25,0,0.4,0.01,7634.0,992.0
100,120,0.25,0,0.7,0.01,7736.0,994.0
100,120,0.25,0,1,0.01,7601.0,975.0
100,120,0.25,0.1,0,0.01,1888.0,610.0
100,120,0.25,0.1,0.1,0.01,8077.0,991.0
100,120,0.25,0.1,0.4,0.01,7990.0,959.0
100,120,0.25,0.1,0.7,0.01,7542.0,971.0
100,120,0.25,0.1,1,0.01,6516.0,940.0
100,120,0.25,0.4,0,0.01,2199.0,896.0
100,120,0.25,0.4,0.1,0.01,7219.0,987.0
100,120,0.25,0.4,0.4,0.01,8900.0,981.0
100,120,0.25,0.4,0.7,0.01,8292.0,980.0
100,120,0.25,0.4,1,0.01,8693.0,965.0
100,120,0.25,0.7,0,0.01,2768.0,526.0
100,120,0.25,0.7,0.1,0.01,8103.0,988.0
100,120,0.25,0.7,0.4,0.01,7058.0,969.0
100,120,0.25,0.7,0.7,0.01,8447.0,963.0
100,120,0.25,0.7,1,0.01,8940.0,969.0
100,120,0.25,1,0,0.01,3536.0,987.0
100,120,0.25,1,0.1,0.01,5905.0,987.0
100,120,0.25,1,0.4,0.01,7761.0,964.0
100,120,0.25,1,0.7,0.01,9147.0,985.0
100,120,0.25,1,1,0.01,7504.0,960.0
100,120,0.3,0,0,0.01,1888.0,610.0
100,120,0.3,0,0.1,0.01,3906.0,981.0
100,120,0.3,0,0.4,0.01,7387.0,995.0
100,120,0.3,0,0.7,0.01,7776.0,979.0
100,120,0.3,0,1,0.01,7794.0,987.0
100,120,0.3,0.1,0,0.01,2199.0,356.0
100,120,0.3,0.1,0.1,0.01,4885.0,992.0
100,120,0.3,0.1,0.4,0.01,8756.0,936.0
100,120,0.3,0.1,0.7,0.01,7830.0,956.0
100,120,0.3,0.1,1,0.01,8038.0,988.0
100,120,0.3,0.4,0,0.01,2401.0,877.0
100,120,0.3,0.4,0.1,0.01,5491.0,973.0
100,120,0.3,0.4,0.4,0.01,7097.0,949.0
100,120,0.3,0.4,0.7,0.01,7634.0,992.0
100,120,0.3,0.4,1,0.01,8544.0,990.0
100,120,0.3,0.7,0,0.01,4836.0,790.0
100,120,0.3,0.7,0.1,0.01,4579.0,988.0
100,120,0.3,0.7,0.4,0.01,5946.0,985.0
100,120,0.3,0.7,0.7,0.01,7599.0,990.0
100,120,0.3,0.7,1,0.01,9147.0,985.0
100,120,0.3,1,0,0.01,2801.0,786.0
100,120,0.3,1,0.1,0.01,7541.0,982.0
100,120,0.3,1,0.4,0.01,8193.0,969.0
100,120,0.3,1,0.7,0.01,8132.0,975.0
100,120,0.3,1,1,0.01,7616.0,956.0
500,10,0.05,0,0,0.01,2443.0,708.0
500,10,0.05,0,0.1,0.01,4042.0,820.0
500,10,0.05,0,0.4,0.01,3932.0,890.0
500,10,0.05,0,0.7,0.01,4485.0,861.0
500,10,0.05,0,1,0.01,4537.0,847.0
500,10,0.05,0.1,0,0.01,2559.0,985.0
500,10,0.05,0.1,0.1,0.01,3291.0,669.0
500,10,0.05,0.1,0.4,0.01,4365.0,854.0
500,10,0.05,0.1,0.7,0.01,3956.0,956.0
500,10,0.05,0.1,1,0.01,4619.0,837.0
500,10,0.05,0.4,0,0.01,4081.0,913.0
500,10,0.05,0.4,0.1,0.01,3712.0,851.0
500,10,0.05,0.4,0.4,0.01,4325.0,760.0
500,10,0.05,0.4,0.7,0.01,4031.0,977.0
500,10,0.05,0.4,1,0.01,5186.0,986.0
500,10,0.05,0.7,0,0.01,3602.0,514.0
500,10,0.05,0.7,0.1,0.01,3990.0,986.0
500,10,0.05,0.7,0.4,0.01,4215.0,802.0
500,10,0.05,0.7,0.7,0.01,4080.0,870.0
500,10,0.05,0.7,1,0.01,3966.0,861.0
500,10,0.05,1,0,0.01,3286.0,891.0
500,10,0.05,1,0.1,0.01,4281.0,988.0
500,10,0.05,1,0.4,0.01,3976.0,972.0
500,10,0.05,1,0.7,0.01,3523.0,986.0
500,10,0.05,1,1,0.01,3423.0,978.0
500,10,0.1,0,0,0.01,2183.0,431.0
500,10,0.1,0,0.1,0.01,3964.0,934.0
500,10,0.1,0,0.4,0.01,4113.0,932.0
500,10,0.1,0,0.7,0.01,4795.0,991.0
500,10,0.1,0,1,0.01,4634.0,949.0
500,10,0.1,0.1,0,0.01,2677.0,984.0
500,10,0.1,0.1,0.1,0.01,4872.0,969.0
500,10,0.1,0.1,0.4,0.01,4138.0,873.0
500,10,0.1,0.1,0.7,0.01,4372.0,933.0
500,10,0.1,0.1,1,0.01,4012.0,990.0
500,10,0.1,0.4,0,0.01,2619.0,423.0
500,10,0.1,0.4,0.1,0.01,4200.0,455.0
500,10,0.1,0.4,0.4,0.01,4267.0,950.0
500,10,0.1,0.4,0.7,0.01,4504.0,880.0
500,10,0.1,0.4,1,0.01,4518.0,773.0
500,10,0.1,0.7,0,0.01,3904.0,659.0
500,10,0.1,0.7,0.1,0.01,4492.0,938.0
500,10,0.1,0.7,0.4,0.01,4863.0,806.0
500,10,0.1,0.7,0.7,0.01,4145.0,942.0
500,10,0.1,0.7,1,0.01,3884.0,926.0
500,10,0.1,1,0,0.01,2983.0,521.0
500,10,0.1,1,0.1,0.01,3947.0,425.0
500,10,0.1,1,0.4,0.01,5147.0,873.0
500,10,0.1,1,0.7,0.01,3875.0,1105.0
500,10,0.1,1,1,0.01,3531.0,856.0
500,10,0.15,0,0,0.01,2183.0,431.0
500,10,0.15,0,0.1,0.01,4444.0,686.0
500,10,0.15,0,0.4,0.01,3753.0,964.0
500,10,0.15,0,0.7,0.01,4930.0,941.0
500,10,0.15,0,1,0.01,4148.0,994.0
500,10,0.15,0.1,0,0.01,2905.0,864.0
500,10,0.15,0.1,0.1,0.01,4315.0,991.0
500,10,0.15,0.1,0.4,0.01,4505.0,868.0
500,10,0.15,0.1,0.7,0.01,5661.0,982.0
500,10,0.15,0.1,1,0.01,4150.0,887.0
500,10,0.15,0.4,0,0.01,2902.0,818.0
500,10,0.15,0.4,0.1,0.01,5146.0,733.0
500,10,0.15,0.4,0.4,0.01,4693.0,853.0
500,10,0.15,0.4,0.7,0.01,4826.0,681.0
500,10,0.15,0.4,1,0.01,5789.0,912.0
500,10,0.15,0.7,0,0.01,3135.0,615.0
500,10,0.15,0.7,0.1,0.01,4339.0,515.0
500,10,0.15,0.7,0.4,0.01,4578.0,827.0
500,10,0.15,0.7,0.7,0.01,4381.0,747.0
500,10,0.15,0.7,1,0.01,5197.0,927.0
500,10,0.15,1,0,0.01,3602.0,893.0
500,10,0.15,1,0.1,0.01,4475.0,849.0
500,10,0.15,1,0.4,0.01,4787.0,917.0
500,10,0.15,1,0.7,0.01,4348.0,853.0
500,10,0.15,1,1,0.01,4585.0,800.0
500,10,0.2,0,0,0.01,2183.0,431.0
500,10,0.2,0,0.1,0.01,3698.0,884.0
500,10,0.2,0,0.4,0.01,4632.0,845.0
500,10,0.2,0,0.7,0.01,6247.0,982.0
500,10,0.2,0,1,0.01,3478.0,753.0
500,10,0.2,0.1,0,0.01,2742.0,431.0
500,10,0.2,0.1,0.1,0.01,4151.0,600.0
500,10,0.2,0.1,0.4,0.01,4626.0,975.0
500,10,0.2,0.1,0.7,0.01,5697.0,989.0
500,10,0.2,0.1,1,0.01,4512.0,949.0
500,10,0.2,0.4,0,0.01,2753.0,984.0
500,10,0.2,0.4,0.1,0.01,4410.0,802.0
500,10,0.2,0.4,0.4,0.01,4583.0,826.0
500,10,0.2,0.4,0.7,0.01,4193.0,871.0
500,10,0.2,0.4,1,0.01,6213.0,917.0
500,10,0.2,0.7,0,0.01,3507.0,910.0
500,10,0.2,0.7,0.1,0.01,3949.0,429.0
500,10,0.2,0.7,0.4,0.01,3912.0,900.0
500,10,0.2,0.7,0.7,0.01,4910.0,604.0
500,10,0.2,0.7,1,0.01,5460.0,905.0
500,10,0.2,1,0,0.01,3336.0,933.0
500,10,0.2,1,0.1,0.01,4313.0,960.0
500,10,0.2,1,0.4,0.01,4648.0,804.0
500,10,0.2,1,0.7,0.01,5069.0,953.0
500,10,0.2,1,1,0.01,4634.0,962.0
500,10,0.25,0,0,0.01,2183.0,431.0
500,10,0.25,0,0.1,0.01,4733.0,970.0
500,10,0.25,0,0.4,0.01,3838.0,889.0
500,10,0.25,0,0.7,0.01,4497.0,852.0
500,10,0.25,0,1,0.01,5525.0,825.0
500,10,0.25,0.1,0,0.01,2781.0,525.0
500,10,0.25,0.1,0.1,0.01,3720.0,657.0
500,10,0.25,0.1,0.4,0.01,5071.0,967.0
500,10,0.25,0.1,0.7,0.01,5063.0,957.0
500,10,0.25,0.1,1,0.01,4683.0,907.0
500,10,0.25,0.4,0,0.01,3696.0,842.0
500,10,0.25,0.4,0.1,0.01,4537.0,958.0
500,10,0.25,0.4,0.4,0.01,4577.0,789.0
500,10,0.25,0.4,0.7,0.01,4678.0,728.0
500,10,0.25,0.4,1,0.01,4780.0,901.0
500,10,0.25,0.7,0,0.01,2965.0,995.0
500,10,0.25,0.7,0.1,0.01,3685.0,900.0
500,10,0.25,0.7,0.4,0.01,5018.0,893.0
500,10,0.25,0.7,0.7,0.01,4404.0,834.0
500,10,0.25,0.7,1,0.01,5190.0,892.0
500,10,0.25,1,0,0.01,3559.0,716.0
500,10,0.25,1,0.1,0.01,4258.0,220.0
500,10,0.25,1,0.4,0.01,4203.0,753.0
500,10,0.25,1,0.7,0.01,4375.0,863.0
500,10,0.25,1,1,0.01,4245.0,929.0
500,10,0.3,0,0,0.01,2183.0,431.0
500,10,0.3,0,0.1,0.01,4208.0,945.0
500,10,0.3,0,0.4,0.01,4165.0,829.0
500,10,0.3,0,0.7,0.01,4846.0,779.0
500,10,0.3,0,1,0.01,3579.0,986.0
500,10,0.3,0.1,0,0.01,3038.0,911.0
500,10,0.3,0.1,0.1,0.01,4392.0,824.0
500,10,0.3,0.1,0.4,0.01,4048.0,857.0
500,10,0.3,0.1,0.7,0.01,4699.0,785.0
500,10,0.3,0.1,1,0.01,4666.0,960.0
500,10,0.3,0.4,0,0.01,3035.0,960.0
500,10,0.3,0.4,0.1,0.01,5110.0,708.0
500,10,0.3,0.4,0.4,0.01,4381.0,987.0
500,10,0.3,0.4,0.7,0.01,4777.0,827.0
500,10,0.3,0.4,1,0.01,5363.0,774.0
500,10,0.3,0.7,0,0.01,3175.0,852.0
500,10,0.3,0.7,0.1,0.01,3490.0,927.0
500,10,0.3,0.7,0.4,0.01,4254.0,970.0
500,10,0.3,0.7,0.7,0.01,5014.0,966.0
500,10,0.3,0.7,1,0.01,4673.0,920.0
500,10,0.3,1,0,0.01,4266.0,760.0
500,10,0.3,1,0.1,0.01,4255.0,970.0
500,10,0.3,1,0.4,0.01,4703.0,822.0
500,10,0.3,1,0.7,0.01,4385.0,882.0
500,10,0.3,1,1,0.01,4640.0,673.0
500,50,0.05,0,0,0.01,2443.0,708.0
500,50,0.05,0,0.1,0.01,6252.0,977.0
500,50,0.05,0,0.4,0.01,6574.0,984.0
500,50,0.05,0,0.7,0.01,5390.0,978.0
500,50,0.05,0,1,0.01,7313.0,986.0
500,50,0.05,0.1,0,0.01,2559.0,985.0
500,50,0.05,0.1,0.1,0.01,5455.0,988.0
500,50,0.05,0.1,0.4,0.01,6606.0,990.0
500,50,0.05,0.1,0.7,0.01,6613.0,935.0
500,50,0.05,0.1,1,0.01,7066.0,961.0
500,50,0.05,0.4,0,0.01,4872.0,922.0
500,50,0.05,0.4,0.1,0.01,7905.0,963.0
500,50,0.05,0.4,0.4,0.01,6288.0,994.0
500,50,0.05,0.4,0.7,0.01,5809.0,983.0
500,50,0.05,0.4,1,0.01,5977.0,995.0
500,50,0.05,0.7,0,0.01,5058.0,822.0
500,50,0.05,0.7,0.1,0.01,6715.0,964.0
500,50,0.05,0.7,0.4,0.01,5709.0,994.0
500,50,0.05,0.7,0.7,0.01,5731.0,986.0
500,50,0.05,0.7,1,0.01,7931.0,894.0
500,50,0.05,1,0,0.01,3286.0,891.0
500,50,0.05,1,0.1,0.01,5853.0,958.0
500,50,0.05,1,0.4,0.01,4512.0,973.0
500,50,0.05,1,0.7,0.01,4515.0,858.0
500,50,0.05,1,1,0.01,4214.0,987.0
500,50,0.1,0,0,0.01,2183.0,431.0
500,50,0.1,0,0.1,0.01,4605.0,980.0
500,50,0.1,0,0.4,0.01,8088.0,988.0
500,50,0.1,0,0.7,0.01,6828.0,827.0
500,50,0.1,0,1,0.01,7611.0,876.0
500,50,0.1,0.1,0,0.01,2677.0,984.0
500,50,0.1,0.1,0.1,0.01,7423.0,979.0
500,50,0.1,0.1,0.4,0.01,8011.0,955.0
500,50,0.1,0.1,0.7,0.01,6873.0,985.0
500,50,0.1,0.1,1,0.01,6181.0,994.0
500,50,0.1,0.4,0,0.01,3906.0,951.0
500,50,0.1,0.4,0.1,0.01,7602.0,963.0
500,50,0.1,0.4,0.4,0.01,7778.0,953.0
500,50,0.1,0.4,0.7,0.01,6929.0,911.0
500,50,0.1,0.4,1,0.01,7266.0,987.0
500,50,0.1,0.7,0,0.01,5935.0,964.0
500,50,0.1,0.7,0.1,0.01,8268.0,964.0
500,50,0.1,0.7,0.4,0.01,8410.0,988.0
500,50,0.1,0.7,0.7,0.01,6753.0,974.0
500,50,0.1,0.7,1,0.01,7535.0,841.0
500,50,0.1,1,0,0.01,3409.0,725.0
500,50,0.1,1,0.1,0.01,8492.0,984.0
500,50,0.1,1,0.4,0.01,7155.0,951.0
500,50,0.1,1,0.7,0.01,5625.0,965.0
500,50,0.1,1,1,0.01,6634.0,956.0
500,50,0.15,0,0,0.01,2183.0,431.0
500,50,0.15,0,0.1,0.01,7171.0,946.0
500,50,0.15,0,0.4,0.01,6511.0,972.0
500,50,0.15,0,0.7,0.01,7544.0,945.0
500,50,0.15,0,1,0.01,6004.0,934.0
500,50,0.15,0.1,0,0.01,2905.0,864.0
500,50,0.15,0.1,0.1,0.01,6495.0,874.0
500,50,0.15,0.1,0.4,0.01,7140.0,952.0
500,50,0.15,0.1,0.7,0.01,7775.0,989.0
500,50,0.15,0.1,1,0.01,6834.0,988.0
500,50,0.15,0.4,0,0.01,3229.0,984.0
500,50,0.15,0.4,0.1,0.01,8046.0,973.0
500,50,0.15,0.4,0.4,0.01,8422.0,954.0
500,50,0.15,0.4,0.7,0.01,8118.0,924.0
500,50,0.15,0.4,1,0.01,7817.0,974.0
500,50,0.15,0.7,0,0.01,3702.0,956.0
500,50,0.15,0.7,0.1,0.01,8035.0,963.0
500,50,0.15,0.7,0.4,0.01,7443.0,987.0
500,50,0.15,0.7,0.7,0.01,7263.0,994.0
500,50,0.15,0.7,1,0.01,7841.0,976.0
500,50,0.15,1,0,0.01,4639.0,913.0
500,50,0.15,1,0.1,0.01,7795.0,993.0
500,50,0.15,1,0.4,0.01,8056.0,864.0
500,50,0.15,1,0.7,0.01,7145.0,946.0
500,50,0.15,1,1,0.01,7191.0,989.0
500,50,0.2,0,0,0.01,2183.0,431.0
500,50,0.2,0,0.1,0.01,7348.0,977.0
500,50,0.2,0,0.4,0.01,6921.0,981.0
500,50,0.2,0,0.7,0.01,7489.0,959.0
500,50,0.2,0,1,0.01,6738.0,987.0
500,50,0.2,0.1,0,0.01,3025.0,882.0
500,50,0.2,0.1,0.1,0.01,6902.0,958.0
500,50,0.2,0.1,0.4,0.01,7010.0,971.0
500,50,0.2,0.1,0.7,0.01,8270.0,902.0
500,50,0.2,0.1,1,0.01,7325.0,990.0
500,50,0.2,0.4,0,0.01,2753.0,984.0
500,50,0.2,0.4,0.1,0.01,6767.0,974.0
500,50,0.2,0.4,0.4,0.01,8709.0,986.0
500,50,0.2,0.4,0.7,0.01,7494.0,860.0
500,50,0.2,0.4,1,0.01,8038.0,990.0
500,50,0.2,0.7,0,0.01,3507.0,910.0
500,50,0.2,0.7,0.1,0.01,7011.0,982.0
500,50,0.2,0.7,0.4,0.01,8388.0,937.0
500,50,0.2,0.7,0.7,0.01,8347.0,895.0
500,50,0.2,0.7,1,0.01,7795.0,959.0
500,50,0.2,1,0,0.01,3949.0,923.0
500,50,0.2,1,0.1,0.01,7432.0,925.0
500,50,0.2,1,0.4,0.01,7646.0,979.0
500,50,0.2,1,0.7,0.01,8179.0,985.0
500,50,0.2,1,1,0.01,7412.0,964.0
500,50,0.25,0,0,0.01,2183.0,431.0
500,50,0.25,0,0.1,0.01,6298.0,993.0
500,50,0.25,0,0.4,0.01,7546.0,965.0
500,50,0.25,0,0.7,0.01,7988.0,963.0
500,50,0.25,0,1,0.01,7382.0,803.0
500,50,0.25,0.1,0,0.01,3177.0,798.0
500,50,0.25,0.1,0.1,0.01,7011.0,957.0
500,50,0.25,0.1,0.4,0.01,8426.0,994.0
500,50,0.25,0.1,0.7,0.01,6451.0,985.0
500,50,0.25,0.1,1,0.01,7436.0,994.0
500,50,0.25,0.4,0,0.01,3696.0,842.0
500,50,0.25,0.4,0.1,0.01,7101.0,935.0
500,50,0.25,0.4,0.4,0.01,8299.0,969.0
500,50,0.25,0.4,0.7,0.01,8017.0,875.0
500,50,0.25,0.4,1,0.01,8473.0,989.0
500,50,0.25,0.7,0,0.01,4032.0,992.0
500,50,0.25,0.7,0.1,0.01,6930.0,991.0
500,50,0.25,0.7,0.4,0.01,8109.0,970.0
500,50,0.25,0.7,0.7,0.01,7413.0,952.0
500,50,0.25,0.7,1,0.01,8480.0,892.0
500,50,0.25,1,0,0.01,5730.0,938.0
500,50,0.25,1,0.1,0.01,7271.0,913.0
500,50,0.25,1,0.4,0.01,8817.0,908.0
500,50,0.25,1,0.7,0.01,8239.0,959.0
500,50,0.25,1,1,0.01,8483.0,926.0
500,50,0.3,0,0,0.01,2183.0,431.0
500,50,0.3,0,0.1,0.01,4849.0,991.0
500,50,0.3,0,0.4,0.01,7684.0,977.0
500,50,0.3,0,0.7,0.01,7771.0,907.0
500,50,0.3,0,1,0.01,7321.0,948.0
500,50,0.3,0.1,0,0.01,3751.0,982.0
500,50,0.3,0.1,0.1,0.01,6040.0,982.0
500,50,0.3,0.1,0.4,0.01,7247.0,990.0
500,50,0.3,0.1,0.7,0.01,7349.0,981.0
500,50,0.3,0.1,1,0.01,7158.0,946.0
500,50,0.3,0.4,0,0.01,4041.0,618.0
500,50,0.3,0.4,0.1,0.01,7548.0,953.0
500,50,0.3,0.4,0.4,0.01,7263.0,994.0
500,50,0.3,0.4,0.7,0.01,7805.0,982.0
500,50,0.3,0.4,1,0.01,8275.0,995.0
500,50,0.3,0.7,0,0.01,5975.0,697.0
500,50,0.3,0.7,0.1,0.01,7673.0,938.0
500,50,0.3,0.7,0.4,0.01,7760.0,973.0
500,50,0.3,0.7,0.7,0.01,8183.0,965.0
500,50,0.3,0.7,1,0.01,7056.0,941.0
500,50,0.3,1,0,0.01,4379.0,704.0
500,50,0.3,1,0.1,0.01,6259.0,962.0
500,50,0.3,1,0.4,0.01,8759.0,970.0
500,50,0.3,1,0.7,0.01,8686.0,943.0
500,50,0.3,1,1,0.01,7962.0,953.0
500,100,0.05,0,0,0.01,2443.0,708.0
500,100,0.05,0,0.1,0.01,7026.0,992.0
500,100,0.05,0,0.4,0.01,6913.0,974.0
500,100,0.05,0,0.7,0.01,6872.0,975.0
500,100,0.05,0,1,0.01,7908.0,990.0
500,100,0.05,0.1,0,0.01,2559.0,985.0
500,100,0.05,0.1,0.1,0.01,5455.0,988.0
500,100,0.05,0.1,0.4,0.01,6811.0,962.0
500,100,0.05,0.1,0.7,0.01,6772.0,979.0
500,100,0.05,0.1,1,0.01,7066.0,961.0
500,100,0.05,0.4,0,0.01,4872.0,922.0
500,100,0.05,0.4,0.1,0.01,8501.0,966.0
500,100,0.05,0.4,0.4,0.01,7240.0,970.0
500,100,0.05,0.4,0.7,0.01,5809.0,983.0
500,100,0.05,0.4,1,0.01,6870.0,921.0
500,100,0.05,0.7,0,0.01,5058.0,822.0
500,100,0.05,0.7,0.1,0.01,7236.0,951.0
500,100,0.05,0.7,0.4,0.01,6655.0,989.0
500,100,0.05,0.7,0.7,0.01,6391.0,945.0
500,100,0.05,0.7,1,0.01,8657.0,992.0
500,100,0.05,1,0,0.01,3286.0,891.0
500,100,0.05,1,0.1,0.01,7361.0,972.0
500,100,0.05,1,0.4,0.01,5155.0,994.0
500,100,0.05,1,0.7,0.01,4628.0,578.0
500,100,0.05,1,1,0.01,5228.0,880.0
500,100,0.1,0,0,0.01,2183.0,431.0
500,100,0.1,0,0.1,0.01,6302.0,973.0
500,100,0.1,0,0.4,0.01,8238.0,951.0
500,100,0.1,0,0.7,0.01,7854.0,977.0
500,100,0.1,0,1,0.01,8337.0,974.0
500,100,0.1,0.1,0,0.01,2677.0,984.0
500,100,0.1,0.1,0.1,0.01,7554.0,959.0
500,100,0.1,0.1,0.4,0.01,8661.0,955.0
500,100,0.1,0.1,0.7,0.01,7591.0,962.0
500,100,0.1,0.1,1,0.01,8473.0,989.0
500,100,0.1,0.4,0,0.01,3906.0,951.0
500,100,0.1,0.4,0.1,0.01,7602.0,963.0
500,100,0.1,0.4,0.4,0.01,8344.0,966.0
500,100,0.1,0.4,0.7,0.01,7939.0,986.0
500,100,0.1,0.4,1,0.01,7508.0,889.0
500,100,0.1,0.7,0,0.01,5935.0,964.0
500,100,0.1,0.7,0.1,0.01,8268.0,964.0
500,100,0.1,0.7,0.4,0.01,8929.0,972.0
500,100,0.1,0.7,0.7,0.01,6753.0,974.0
500,100,0.1,0.7,1,0.01,8900.0,981.0
500,100,0.1,1,0,0.01,3409.0,725.0
500,100,0.1,1,0.1,0.01,8940.0,969.0
500,100,0.1,1,0.4,0.01,7848.0,958.0
500,100,0.1,1,0.7,0.01,7444.0,959.0
500,100,0.1,1,1,0.01,7851.0,938.0
500,100,0.15,0,0,0.01,2183.0,431.0
500,100,0.15,0,0.1,0.01,7628.0,989.0
500,100,0.15,0,0.4,0.01,7357.0,995.0
500,100,0.15,0,0.7,0.01,8332.0,937.0
500,100,0.15,0,1,0.01,6461.0,977.0
500,100,0.15,0.1,0,0.01,2905.0,864.0
500,100,0.15,0.1,0.1,0.01,8657.0,992.0
500,100,0.15,0.1,0.4,0.01,7631.0,950.0
500,100,0.15,0.1,0.7,0.01,8006.0,972.0
500,100,0.15,0.1,1,0.01,7867.0,986.0
500,100,0.15,0.4,0,0.01,3229.0,984.0
500,100,0.15,0.4,0.1,0.01,8692.0,992.0
500,100,0.15,0.4,0.4,0.01,8911.0,982.0
500,100,0.15,0.4,0.7,0.01,8759.0,970.0
500,100,0.15,0.4,1,0.01,8360.0,915.0
500,100,0.15,0.7,0,0.01,3702.0,956.0
500,100,0.15,0.7,0.1,0.01,8900.0,981.0
500,100,0.15,0.7,0.4,0.01,7889.0,989.0
500,100,0.15,0.7,0.7,0.01,8810.0,969.0
500,100,0.15,0.7,1,0.01,8817.0,908.0
500,100,0.15,1,0,0.01,4639.0,913.0
500,100,0.15,1,0.1,0.01,7795.0,993.0
500,100,0.15,1,0.4,0.01,8929.0,972.0
500,100,0.15,1,0.7,0.01,8382.0,995.0
500,100,0.15,1,1,0.01,7805.0,887.0
500,100,0.2,0,0,0.01,2183.0,431.0
500,100,0.2,0,0.1,0.01,7839.0,975.0
500,100,0.2,0,0.4,0.01,7696.0,975.0
500,100,0.2,0,0.7,0.01,8751.0,993.0
500,100,0.2,0,1,0.01,8211.0,926.0
500,100,0.2,0.1,0,0.01,3025.0,882.0
500,100,0.2,0.1,0.1,0.01,7740.0,946.0
500,100,0.2,0.1,0.4,0.01,7301.0,974.0
500,100,0.2,0.1,0.7,0.01,8756.0,936.0
500,100,0.2,0.1,1,0.01,8783.0,978.0
500,100,0.2,0.4,0,0.01,2753.0,984.0
500,100,0.2,0.4,0.1,0.01,8234.0,980.0
500,100,0.2,0.4,0.4,0.01,8911.0,982.0
500,100,0.2,0.4,0.7,0.01,8940.0,969.0
500,100,0.2,0.4,1,0.01,8557.0,974.0
500,100,0.2,0.7,0,0.01,4207.0,982.0
500,100,0.2,0.7,0.1,0.01,8602.0,979.0
500,100,0.2,0.7,0.4,0.01,8631.0,966.0
500,100,0.2,0.7,0.7,0.01,9147.0,985.0
500,100,0.2,0.7,1,0.01,9147.0,985.0
500,100,0.2,1,0,0.01,3949.0,923.0
500,100,0.2,1,0.1,0.01,7889.0,968.0
500,100,0.2,1,0.4,0.01,8940.0,969.0
500,100,0.2,1,0.7,0.01,9147.0,985.0
500,100,0.2,1,1,0.01,7961.0,971.0
500,100,0.25,0,0,0.01,2183.0,431.0
500,100,0.25,0,0.1,0.01,6298.0,993.0
500,100,0.25,0,0.4,0.01,8544.0,990.0
500,100,0.25,0,0.7,0.01,8897.0,987.0
500,100,0.25,0,1,0.01,8745.0,969.0
500,100,0.25,0.1,0,0.01,3177.0,798.0
500,100,0.25,0.1,0.1,0.01,7348.0,973.0
500,100,0.25,0.1,0.4,0.01,8426.0,994.0
500,100,0.25,0.1,0.7,0.01,7071.0,993.0
500,100,0.25,0.1,1,0.01,7842.0,880.0
500,100,0.25,0.4,0,0.01,3696.0,842.0
500,100,0.25,0.4,0.1,0.01,8394.0,991.0
500,100,0.25,0.4,0.4,0.01,8788.0,921.0
500,100,0.25,0.4,0.7,0.01,8799.0,972.0
500,100,0.25,0.4,1,0.01,9147.0,985.0
500,100,0.25,0.7,0,0.01,4032.0,992.0
500,100,0.25,0.7,0.1,0.01,7263.0,990.0
500,100,0.25,0.7,0.4,0.01,9147.0,985.0
500,100,0.25,0.7,0.7,0.01,8658.0,921.0
500,100,0.25,0.7,1,0.01,9147.0,985.0
500,100,0.25,1,0,0.01,5730.0,938.0
500,100,0.25,1,0.1,0.01,7971.0,985.0
500,100,0.25,1,0.4,0.01,8817.0,908.0
500,100,0.25,1,0.7,0.01,8337.0,974.0
500,100,0.25,1,1,0.01,9147.0,985.0
500,100,0.3,0,0,0.01,2183.0,431.0
500,100,0.3,0,0.1,0.01,4854.0,892.0
500,100,0.3,0,0.4,0.01,8911.0,982.0
500,100,0.3,0,0.7,0.01,8781.0,982.0
500,100,0.3,0,1,0.01,8106.0,949.0
500,100,0.3,0.1,0,0.01,3751.0,982.0
500,100,0.3,0.1,0.1,0.01,7930.0,956.0
500,100,0.3,0.1,0.4,0.01,8266.0,965.0
500,100,0.3,0.1,0.7,0.01,7896.0,983.0
500,100,0.3,0.1,1,0.01,7615.0,989.0
500,100,0.3,0.4,0,0.01,4041.0,618.0
500,100,0.3,0.4,0.1,0.01,8511.0,993.0
500,100,0.3,0.4,0.4,0.01,8296.0,994.0
500,100,0.3,0.4,0.7,0.01,9147.0,985.0
500,100,0.3,0.4,1,0.01,8900.0,981.0
500,100,0.3,0.7,0,0.01,5975.0,697.0
500,100,0.3,0.7,0.1,0.01,7917.0,979.0
500,100,0.3,0.7,0.4,0.01,8551.0,982.0
500,100,0.3,0.7,0.7,0.01,8373.0,971.0
500,100,0.3,0.7,1,0.01,9147.0,985.0
500,100,0.3,1,0,0.01,4379.0,704.0
500,100,0.3,1,0.1,0.01,6722.0,940.0
500,100,0.3,1,0.4,0.01,8759.0,970.0
500,100,0.3,1,0.7,0.01,8929.0,972.0
500,100,0.3,1,1,0.01,8385.0,911.0
500,120,0.05,0,0,0.01,2443.0,708.0
500,120,0.05,0,0.1,0.01,7449.0,917.0
500,120,0.05,0,0.4,0.01,6913.0,974.0
500,120,0.05,0,0.7,0.01,6872.0,975.0
500,120,0.05,0,1,0.01,7908.0,990.0
500,120,0.05,0.1,0,0.01,2559.0,985.0
500,120,0.05,0.1,0.1,0.01,5915.0,946.0
500,120,0.05,0.1,0.4,0.01,6811.0,962.0
500,120,0.05,0.1,0.7,0.01,8288.0,976.0
500,120,0.05,0.1,1,0.01,7223.0,952.0
500,120,0.05,0.4,0,0.01,4872.0,922.0
500,120,0.05,0.4,0.1,0.01,8570.0,994.0
500,120,0.05,0.4,0.4,0.01,7240.0,970.0
500,120,0.05,0.4,0.7,0.01,5809.0,983.0
500,120,0.05,0.4,1,0.01,7742.0,990.0
500,120,0.05,0.7,0,0.01,5058.0,822.0
500,120,0.05,0.7,0.1,0.01,8418.0,926.0
500,120,0.05,0.7,0.4,0.01,6839.0,992.0
500,120,0.05,0.7,0.7,0.01,7115.0,974.0
500,120,0.05,0.7,1,0.01,8657.0,992.0
500,120,0.05,1,0,0.01,3286.0,891.0
500,120,0.05,1,0.1,0.01,7361.0,972.0
500,120,0.05,1,0.4,0.01,5155.0,994.0
500,120,0.05,1,0.7,0.01,5423.0,955.0
500,120,0.05,1,1,0.01,5228.0,880.0
500,120,0.1,0,0,0.01,2183.0,431.0
500,120,0.1,0,0.1,0.01,6302.0,973.0
500,120,0.1,0,0.4,0.01,8940.0,969.0
500,120,0.1,0,0.7,0.01,7854.0,977.0
500,120,0.1,0,1,0.01,8337.0,974.0
500,120,0.1,0.1,0,0.01,2677.0,984.0
500,120,0.1,0.1,0.1,0.01,7554.0,959.0
500,120,0.1,0.1,0.4,0.01,8661.0,955.0
500,120,0.1,0.1,0.7,0.01,7979.0,981.0
500,120,0.1,0.1,1,0.01,8575.0,967.0
500,120,0.1,0.4,0,0.01,3906.0,951.0
500,120,0.1,0.4,0.1,0.01,7602.0,963.0
500,120,0.1,0.4,0.4,0.01,8693.0,965.0
500,120,0.1,0.4,0.7,0.01,8096.0,977.0
500,120,0.1,0.4,1,0.01,8416.0,986.0
500,120,0.1,0.7,0,0.01,5935.0,964.0
500,120,0.1,0.7,0.1,0.01,8268.0,964.0
500,120,0.1,0.7,0.4,0.01,8929.0,972.0
500,120,0.1,0.7,0.7,0.01,6753.0,974.0
500,120,0.1,0.7,1,0.01,8900.0,981.0
500,120,0.1,1,0,0.01,3409.0,725.0
500,120,0.1,1,0.1,0.01,8940.0,969.0
500,120,0.1,1,0.4,0.01,7848.0,958.0
500,120,0.1,1,0.7,0.01,7444.0,959.0
500,120,0.1,1,1,0.01,7851.0,938.0
500,120,0.15,0,0,0.01,2183.0,431.0
500,120,0.15,0,0.1,0.01,7628.0,989.0
500,120,0.15,0,0.4,0.01,7357.0,995.0
500,120,0.15,0,0.7,0.01,8332.0,937.0
500,120,0.15,0,1,0.01,7523.0,929.0
500,120,0.15,0.1,0,0.01,2905.0,864.0
500,120,0.15,0.1,0.1,0.01,8657.0,992.0
500,120,0.15,0.1,0.4,0.01,8180.0,983.0
500,120,0.15,0.1,0.7,0.01,8006.0,972.0
500,120,0.15,0.1,1,0.01,8940.0,969.0
500,120,0.15,0.4,0,0.01,3229.0,984.0
500,120,0.15,0.4,0.1,0.01,8692.0,992.0
500,120,0.15,0.4,0.4,0.01,8940.0,969.0
500,120,0.15,0.4,0.7,0.01,8759.0,970.0
500,120,0.15,0.4,1,0.01,8386.0,991.0
500,120,0.15,0.7,0,0.01,3702.0,956.0
500,120,0.15,0.7,0.1,0.01,8900.0,981.0
500,120,0.15,0.7,0.4,0.01,7889.0,989.0
500,120,0.15,0.7,0.7,0.01,8810.0,969.0
500,120,0.15,0.7,1,0.01,9147.0,985.0
500,120,0.15,1,0,0.01,4639.0,913.0
500,120,0.15,1,0.1,0.01,7795.0,993.0
500,120,0.15,1,0.4,0.01,8929.0,972.0
500,120,0.15,1,0.7,0.01,8382.0,995.0
500,120,0.15,1,1,0.01,8713.0,984.0
500,120,0.2,0,0,0.01,2183.0,431.0
500,120,0.2,0,0.1,0.01,7839.0,975.0
500,120,0.2,0,0.4,0.01,7696.0,975.0
500,120,0.2,0,0.7,0.01,8751.0,993.0
500,120,0.2,0,1,0.01,8661.0,980.0
500,120,0.2,0.1,0,0.01,3025.0,882.0
500,120,0.2,0.1,0.1,0.01,8232.0,915.0
500,120,0.2,0.1,0.4,0.01,8454.0,939.0
500,120,0.2,0.1,0.7,0.01,8897.0,987.0
500,120,0.2,0.1,1,0.01,8783.0,978.0
500,120,0.2,0.4,0,0.01,2753.0,984.0
500,120,0.2,0.4,0.1,0.01,8360.0,915.0
500,120,0.2,0.4,0.4,0.01,8911.0,982.0
500,120,0.2,0.4,0.7,0.01,8940.0,969.0
500,120,0.2,0.4,1,0.01,8557.0,974.0
500,120,0.2,0.7,0,0.01,4207.0,982.0
500,120,0.2,0.7,0.1,0.01,8911.0,982.0
500,120,0.2,0.7,0.4,0.01,8657.0,992.0
500,120,0.2,0.7,0.7,0.01,9147.0,985.0
500,120,0.2,0.7,1,0.01,9147.0,985.0
500,120,0.2,1,0,0.01,3949.0,923.0
500,120,0.2,1,0.1,0.01,7889.0,968.0
500,120,0.2,1,0.4,0.01,8940.0,969.0
500,120,0.2,1,0.7,0.01,9147.0,985.0
500,120,0.2,1,1,0.01,8097.0,897.0
500,120,0.25,0,0,0.01,2183.0,431.0
500,120,0.25,0,0.1,0.01,7658.0,976.0
500,120,0.25,0,0.4,0.01,8544.0,990.0
500,120,0.25,0,0.7,0.01,8929.0,972.0
500,120,0.25,0,1,0.01,8756.0,936.0
500,120,0.25,0.1,0,0.01,3177.0,798.0
500,120,0.25,0.1,0.1,0.01,7348.0,973.0
500,120,0.25,0.1,0.4,0.01,8426.0,994.0
500,120,0.25,0.1,0.7,0.01,7143.0,932.0
500,120,0.25,0.1,1,0.01,8483.0,926.0
500,120,0.25,0.4,0,0.01,3696.0,842.0
500,120,0.25,0.4,0.1,0.01,8412.0,940.0
500,120,0.25,0.4,0.4,0.01,8911.0,982.0
500,120,0.25,0.4,0.7,0.01,8799.0,972.0
500,120,0.25,0.4,1,0.01,9147.0,985.0
500,120,0.25,0.7,0,0.01,4032.0,992.0
500,120,0.25,0.7,0.1,0.01,8005.0,978.0
500,120,0.25,0.7,0.4,0.01,9147.0,985.0
500,120,0.25,0.7,0.7,0.01,8719.0,893.0
500,120,0.25,0.7,1,0.01,9147.0,985.0
500,120,0.25,1,0,0.01,5730.0,938.0
500,120,0.25,1,0.1,0.01,7996.0,966.0
500,120,0.25,1,0.4,0.01,8817.0,908.0
500,120,0.25,1,0.7,0.01,8337.0,974.0
500,120,0.25,1,1,0.01,9147.0,985.0
500,120,0.3,0,0,0.01,2183.0,431.0
500,120,0.3,0,0.1,0.01,6678.0,956.0
500,120,0.3,0,0.4,0.01,8911.0,982.0
500,120,0.3,0,0.7,0.01,8781.0,982.0
500,120,0.3,0,1,0.01,8106.0,949.0
500,120,0.3,0.1,0,0.01,3751.0,982.0
500,120,0.3,0.1,0.1,0.01,7930.0,956.0
500,120,0.3,0.1,0.4,0.01,8990.0,994.0
500,120,0.3,0.1,0.7,0.01,7896.0,983.0
500,120,0.3,0.1,1,0.01,7615.0,989.0
500,120,0.3,0.4,0,0.01,4041.0,618.0
500,120,0.3,0.4,0.1,0.01,8759.0,970.0
500,120,0.3,0.4,0.4,0.01,9147.0,985.0
500,120,0.3,0.4,0.7,0.01,9147.0,985.0
500,120,0.3,0.4,1,0.01,8900.0,981.0
500,120,0.3,0.7,0,0.01,5975.0,697.0
500,120,0.3,0.7,0.1,0.01,7917.0,979.0
500,120,0.3,0.7,0.4,0.01,8551.0,982.0
500,120,0.3,0.7,0.7,0.01,8557.0,974.0
500,120,0.3,0.7,1,0.01,9147.0,985.0
500,120,0.3,1,0,0.01,4379.0,704.0
500,120,0.3,1,0.1,0.01,6722.0,940.0
500,120,0.3,1,0.4,0.01,8759.0,970.0
500,120,0.3,1,0.7,0.01,8929.0,972.0
500,120,0.3,1,1,0.01,8842.0,954.0
